   1 0.000000
   2 -0.000000
   3 -0.000011
   4 -0.000011
   5 -0.000099
   6 -0.000195
   7 -0.000308
   8 -0.000449
   9 -0.000720
  10 -0.000882
  11 -0.000882
  12 -0.001315
  13 -0.001315
  14 -0.001423
  15 -0.001423
  16 -0.001423
  17 -0.001482
  18 -0.001541
  19 -0.001541
  20 -0.001601
  21 -0.001984
  22 0.000566
  23 -0.000457
  24 -0.000838
  25 0.008504
  26 0.009175
  27 0.006865
  28 0.008659
  29 0.010781
  30 0.009624
  31 0.007238
  32 0.007238
  33 0.006063
  34 0.005855
  35 0.004015
  36 0.005568
  37 0.003361
  38 0.001182
  39 -0.000268
  40 -0.000831
  41 -0.003976
  42 -0.005785
  43 -0.004090
  44 -0.004708
  45 -0.001363
  46 -0.001363
  47 -0.002883
  48 -0.003986
  49 -0.005790
  50 -0.006082
  51 -0.000323
  52 0.001058
  53 -0.001983
  54 0.012800
  55 0.024689
  56 0.023412
  57 0.021844
  58 0.033160
  59 0.034622
  60 0.034166
  61 0.038419
  62 0.049268
  63 0.050862
  64 0.046920
  65 0.052318
  66 0.055894
  67 0.055763
  68 0.054602
  69 0.053554
  70 0.047936
  71 0.046152
  72 0.038500
  73 0.031305
  74 0.029164
  75 0.030197
  76 0.023484
  77 0.020182
  78 0.017076
  79 0.017076
  80 0.017076
  81 0.017800
  82 0.018653
  83 0.018653
  84 0.020119
  85 0.021685
  86 0.023132
  87 0.024681
  88 0.026689
  89 0.033169
  90 0.036603
  91 0.038082
  92 0.042947
  93 0.051947
  94 0.059279
  95 0.066780
  96 0.066780
  97 0.080635
  98 0.083771
  99 0.081748
 100 0.078572
 101 0.078572
 102 0.084666
 103 0.079914
 104 0.082379
 105 0.095334
 106 0.107049
 107 0.103220
 108 0.104650
 109 0.114650
 110 0.114024
 111 0.113238
 112 0.119905
 113 0.131638
 114 0.132962
 115 0.132962
 116 0.136120
 117 0.146783
 118 0.146783
 119 0.154271
 120 0.151304
 121 0.152114
 122 0.144044
 123 0.145567
 124 0.157064
 125 0.155906
 126 0.153700
 127 0.166486
 128 0.176029
 129 0.175889
 130 0.176690
 131 0.190800
 132 0.200552
 133 0.195166
 134 0.198231
 135 0.206387
 136 0.196970
 137 0.187673
 138 0.195323
 139 0.194044
 140 0.192806
 141 0.187775
 142 0.194916
 143 0.201286
 144 0.189976
 145 0.198464
 146 0.202782
 147 0.195207
 148 0.190203
 149 0.177033
 150 0.156463
 151 0.156463
 152 0.143062
 153 0.126816
 154 0.118825
 155 0.119886
 156 0.109988
 157 0.107110
 158 0.098505
 159 0.098090
 160 0.103550
 161 0.104458
 162 0.104837
 163 0.108661
 164 0.112490
 165 0.117416
 166 0.119336
 167 0.120439
 168 0.124346
 169 0.125299
 170 0.134746
 171 0.143681
 172 0.146949
 173 0.138298
 174 0.146191
 175 0.150469
 176 0.154371
 177 0.151501
 178 0.157121
 179 0.157831
 180 0.143605
 181 0.138234
 182 0.137725
 183 0.139654
 184 0.133980
 185 0.126212
 186 0.130565
 187 0.129821
 188 0.120879
 189 0.115419
 190 0.119056
 191 0.117350
 192 0.111918
 193 0.114833
 194 0.116022
 195 0.116022
 196 0.115499
 197 0.115991
 198 0.107912
 199 0.107739
 200 0.105249
 201 0.087269
 202 0.088813
 203 0.091417
 204 0.063813
 205 0.062443
 206 0.066742
 207 0.061933
 208 0.039562
 209 0.043854
 210 0.043815
 211 0.026166
 212 0.021527
 213 0.023772
 214 0.024180
 215 0.004935
 216 0.005713
 217 0.002965
 218 0.002153
 219 -0.010318
 220 -0.010514
 221 -0.008887
 222 -0.007479
 223 -0.011074
 224 -0.013644
 225 -0.014263
 226 -0.015070
 227 -0.014660
 228 -0.014426
 229 -0.013657
 230 -0.013657
 231 -0.013657
 232 -0.013657
 233 -0.013469
 234 -0.013081
 235 -0.010483
 236 -0.009335
 237 -0.006102
 238 -0.004898
 239 -0.004777
 240 -0.003855
 241 -0.003206
 242 -0.002959
 243 -0.004323
 244 -0.003717
 245 -0.002540
 246 -0.002540
 247 -0.002386
 248 -0.001593
 249 -0.001297
 250 -0.001197
 251 -0.000886
 252 -0.000363
 253 -0.000285
 254 -0.000230
 255 -0.000046
 256 0.000000
 257 0.000000
 258 0.000000
 259 0.000000
 260 0.000000
 261 0.000000
 262 0.000000
 263 0.000000
 264 0.000000
 265 0.000000
 266 0.000000
 267 0.000000
