0
0
0
0
0
0
8.65432e-05
0.0182311
0.21757
0.416157
0.231147
0.13995
0.298852
0.0917929
0.0766688
0.086206
0.10917
0.134182
0.153955
0.128782
0
0
0
0
0
0
0
0.00624524
0.122383
0.347716
0.302451
0.182671
0.141699
0.16717
0.103812
0.0971701
0.10891
0.130767
0.151527
0.147562
0
0
0
0
0
0
0.000564717
0.0255549
0.13966
0.262469
0.225785
0.22627
0.125689
0.124543
0.16908
0.135392
0.113205
0.134018
0.141574
0.141989
0
0
0
0
0
0
0.000382746
0.0129902
0.0838182
0.142515
0.186746
0.226424
0.220555
0.149687
0.158899
0.160819
0.147709
0.112718
0.128428
0.141879
0
0
0
0
0
0
0.000106174
0.0283309
0.0946753
0.142051
0.221023
0.231194
0.174329
0.166705
0.119759
0.120258
0.139799
0.139008
0.149548
0.151255
0
0
0
0
0
0
0.00413164
0.0515299
0.528486
0.154357
0.118154
0.188152
0.174405
0.120386
0.103476
0.106954
0.12145
0.141478
0.14394
0.15012
0
0
0
0
0
0
0.000700692
0.0187698
0.115231
0.159527
0.203597
0.17525
0.149205
0.201119
0.114561
0.150811
0.15278
0.13272
0.148815
0.143821
0
0
0
0
0
0
0
0.0015847
0.0418489
0.183333
0.40336
0.254867
0.169373
0.142591
0.126956
0.0899759
0.0928337
0.118001
0.150747
0.166489
0
0
0
0
0
0
0.000123449
0.00539377
0.0504952
0.127311
0.172751
0.227499
0.189106
0.20613
0.146913
0.14711
0.153664
0.136558
0.129584
0.136381
0
0
0
0
0
0
0
0.000713677
0.029906
0.177748
0.336092
0.337952
0.172754
0.10324
0.133064
0.110991
0.0912687
0.115853
0.154063
0.162369
0
0
0
0
0
0
0.000206805
0.0064541
0.0728781
0.197233
0.251961
0.263893
0.190781
0.129894
0.126808
0.121423
0.120397
0.120569
0.148448
0.158056
0
0
0
0
0
0
0
0.0175061
0.127638
0.245139
0.22256
0.240963
0.155139
0.124313
0.16415
0.122523
0.117018
0.13242
0.140367
0.144367
0
0
0
0
0
0
0
0.0362263
0.232061
0.213926
0.222581
0.168092
0.135819
0.161266
0.133161
0.110298
0.113758
0.131412
0.15147
0.163875
0
0
0
0
0
0
0
0.0126249
0.0738244
0.15466
0.20781
0.236057
0.213205
0.144134
0.159232
0.145083
0.145776
0.113672
0.130005
0.145652
0
0
0
0
0
0.000154019
0.000803881
0.0231169
0.0796387
0.118492
0.135778
0.147061
0.175128
0.169795
0.162351
0.160938
0.144534
0.154091
0.162929
0.143835
0
0
0
0
0
0
0.000823609
0.017707
0.171265
0.406274
0.227089
0.141226
0.165156
0.173228
0.0962979
0.0961372
0.114476
0.134511
0.147172
0.146877
0
0
0
0
0
0
0
0.00802463
0.0837353
0.314374
0.349771
0.166117
0.141304
0.168543
0.117993
0.0918728
0.103914
0.130018
0.153715
0.153648
0
0
0
0
0
0
5.02216e-05
0.00215511
0.0555278
0.254388
0.40627
0.218867
0.152432
0.157215
0.10766
0.0784103
0.0966484
0.122171
0.157321
0.162977
0
0
0
0
0
0
0.00227815
0.0394002
0.0996359
0.103773
0.138463
0.156828
0.191555
0.162052
0.155957
0.149374
0.145356
0.157326
0.152172
0.149517
0
0
0
0
0
0
0.000895906
0.0354161
0.103454
0.144505
0.196683
0.200835
0.141857
0.113568
0.167622
0.119433
0.157667
0.15864
0.153708
0.149903
0
0
0
0
0
0
0
0
0
0
0
0
0
0
0
0
0
0
0
0
0
0
0
0
0
0
0
0.00624524
0.122383
0.347716
0.302451
0.182671
0.141699
0.16717
0.103812
0.0971701
0.10891
0.130767
0.151527
0.147562
0
0
0
0
0
0.00154962
0.720988
0.701357
0.223219
0.294134
0.304592
0.175481
0.110527
0.0795273
0.108089
0.0779619
0.0855123
0.0833934
0.0762587
0.0879636
0
0
0
0
0
0
0
0.0138229
0.10034
0.143129
0.223721
0.246546
0.169175
0.115272
0.109519
0.161191
0.138655
0.136681
0.1532
0.15325
0
0
0
0
0
0
0
0.00946271
0.0710998
0.131594
0.155935
0.160696
0.195315
0.161037
0.136235
0.142791
0.158308
0.159461
0.144026
0.157964
0
0
0
0
0
0
0
0.0235326
0.101458
0.124187
0.203598
0.249035
0.226363
0.170407
0.135683
0.117655
0.118141
0.135353
0.138136
0.149853
0
0
0
0
0
0
0.000305752
0.0341131
0.298614
0.336486
0.164427
0.139769
0.134119
0.131199
0.140513
0.118328
0.121651
0.138866
0.146785
0.142578
0
0
0
0
0
0
0
0.0138746
0.103513
0.175894
0.217305
0.229534
0.195889
0.151398
0.151131
0.11516
0.161534
0.124899
0.12586
0.143167
0
0
0
0
0
0
0
0.000887756
0.0331757
0.148875
0.270291
0.30831
0.231106
0.156523
0.114974
0.108178
0.102662
0.117015
0.143338
0.162338
0
0
0
0
0
0
0
0.00117026
0.0353953
0.115954
0.13938
0.162229
0.186229
0.168679
0.173094
0.136027
0.144247
0.166171
0.148108
0.162022
0
0
0
0
0
0
0
0.000194987
0.0268927
0.146755
0.273189
0.325496
0.220561
0.140634
0.100735
0.112723
0.114118
0.118272
0.149515
0.160374
0
0
0
0
0
0
0
0.00361135
0.0837415
0.156625
0.225227
0.205834
0.186509
0.150962
0.108843
0.119897
0.143609
0.133932
0.150378
0.173839
0
0
0
0
0
0
0
0.00758948
0.0776936
0.185029
0.200542
0.229258
0.193162
0.151921
0.122785
0.142566
0.1214
0.133895
0.155685
0.149374
0
0
0
0
0
0
0
0.00816131
0.144404
0.264787
0.234102
0.219278
0.13857
0.149681
0.13836
0.124263
0.112404
0.122732
0.14461
0.157491
0
0
0
0
0
0
0
0.00496916
0.077295
0.174779
0.190283
0.176244
0.228616
0.155119
0.130929
0.136934
0.131673
0.154644
0.140117
0.148064
0
0
0
0
0
0
0
0.0118737
0.0574607
0.113179
0.148375
0.137919
0.147667
0.179275
0.162076
0.15233
0.150592
0.155559
0.160915
0.162681
0
0
0
0
0
0
0
0.0193348
0.119187
0.243963
0.298447
0.202458
0.125834
0.142734
0.14048
0.121055
0.120238
0.14083
0.142712
0.143267
0
0
0
0
0
0
0
0.00481835
0.0705504
0.180038
0.284693
0.247595
0.145821
0.135988
0.129921
0.119631
0.110958
0.13768
0.153526
0.164937
0
0
0
0
0
0
0
0.000924708
0.0350538
0.17754
0.302674
0.317235
0.207043
0.148902
0.120946
0.0971162
0.0998094
0.116899
0.146997
0.156466
0
0
0
0
0
0
0
0.0556589
0.159859
0.150361
0.138369
0.184257
0.197791
0.178386
0.14587
0.132127
0.131283
0.148355
0.143027
0.138991
0
0
0
0
0
0
0
0.0244788
0.110196
0.119649
0.164776
0.18918
0.187398
0.171674
0.145279
0.145192
0.135375
0.137248
0.152432
0.152956
0
0
0
0
0
0
0
0
0
0
0
0
0
0
0
0
0
0
0
0
0
0
0
0
0
0
0.000564717
0.0255549
0.13966
0.262469
0.225785
0.22627
0.125689
0.124543
0.16908
0.135392
0.113205
0.134018
0.141574
0.141989
0
0
0
0
0
0
0
0.0138229
0.10034
0.143129
0.223721
0.246546
0.169175
0.115272
0.109519
0.161191
0.138655
0.136681
0.1532
0.15325
0
0
0
0
0
0
0
0.0190029
0.0875818
0.166844
0.246124
0.257151
0.211885
0.117349
0.118874
0.125476
0.136206
0.146238
0.149139
0.130662
0
0
0
0
0
0
0.000522953
0.0141446
0.0645011
0.126139
0.181439
0.195898
0.198101
0.176508
0.149215
0.138113
0.134401
0.150651
0.147752
0.144154
0
0
0
0
0
0
0
0.00719442
0.0352513
0.0753656
0.138152
0.163241
0.160707
0.160528
0.142415
0.125544
0.170563
0.170348
0.175304
0.167212
0
0
0
0.000379467
0
0.000166724
0.00372939
0.0620743
0.249471
0.367455
0.203945
0.16903
0.118672
0.131711
0.144445
0.139467
0.126036
0.126124
0.124682
0.130942
0
0
0
0
0
0
0
0.0175909
0.0912761
0.250003
0.25871
0.259718
0.191915
0.147175
0.115255
0.115085
0.13665
0.130407
0.135412
0.127647
0
0
0
0
0
0
0
0.00124073
0.0313224
0.103317
0.158953
0.215808
0.214896
0.178471
0.118118
0.128579
0.172309
0.138891
0.149407
0.157684
0
0
0
0
0
0
0.00128226
0.0486464
0.219177
0.286619
0.242182
0.22114
0.196328
0.172636
0.144371
0.122007
0.116112
0.110529
0.116229
0.111651
0
0
0
0
0
0
0
0.00173175
0.0425677
0.100527
0.144562
0.18032
0.226449
0.144797
0.133266
0.11575
0.169128
0.163321
0.153072
0.166367
0
0
0
0
0
0
0
0.0121021
0.0618196
0.10791
0.125355
0.14667
0.198176
0.185179
0.146211
0.124281
0.15533
0.161803
0.16377
0.157832
0
0
0
0
0
0
0.000924898
0.0221899
0.145943
0.251578
0.270132
0.245036
0.201795
0.135977
0.123816
0.113655
0.12303
0.131218
0.13096
0.125392
0
0
0
0
0
0
0.000214478
0.0133872
0.168306
0.279025
0.252264
0.148725
0.126192
0.135023
0.132994
0.146042
0.147547
0.139561
0.136399
0.13807
0
0
0
0
0
0.00038502
0.000287079
0.0132151
0.0823787
0.229106
0.211397
0.194199
0.184802
0.163284
0.143305
0.135987
0.133042
0.141712
0.141689
0.131672
0
0
0
0
0
0
0.000975033
0.0531249
0.288994
0.287719
0.20213
0.179378
0.208048
0.161225
0.136903
0.127863
0.11779
0.121057
0.112908
0.118839
0
0
0
0
0
0
0.00133144
0.0786898
0.357869
0.292673
0.255126
0.20654
0.15059
0.0983518
0.118088
0.118312
0.118198
0.12594
0.128123
0.126183
0
0
0
0
0
0
0.000693598
0.0294931
0.235804
0.269274
0.242269
0.23414
0.178994
0.105018
0.104508
0.131952
0.118537
0.130145
0.138575
0.135073
0
0
0
0
0
0
0
0.00255709
0.0432317
0.142006
0.202094
0.213867
0.208127
0.127602
0.123238
0.162237
0.151995
0.131025
0.150355
0.154117
0
0
0
0
0
0
0.00067755
0.0105727
0.0409318
0.0437377
0.118481
0.186911
0.178237
0.144784
0.140449
0.151719
0.166498
0.184334
0.162003
0.158772
0
0
0
0
0
0
0
0.00645987
0.0363088
0.068425
0.176658
0.236554
0.207751
0.143587
0.132199
0.132326
0.133189
0.169472
0.159736
0.156773
0
0
0
0
0
0
0
0
0
0
0
0
0
0
0
0
0
0
0
0
0
0
0
0
0
0
0.000382746
0.0129902
0.0838182
0.142515
0.186746
0.226424
0.220555
0.149687
0.158899
0.160819
0.147709
0.112718
0.128428
0.141879
0
0
0
0
0
0
0
0.00946271
0.0710998
0.131594
0.155935
0.160696
0.195315
0.161037
0.136235
0.142791
0.158308
0.159461
0.144026
0.157964
0
0
0
0
0
0
0.000522953
0.0141446
0.0645011
0.126139
0.181439
0.195898
0.198101
0.176508
0.149215
0.138113
0.134401
0.150651
0.147752
0.144154
0
0
0
0
0
0
0.000520264
0.00446511
0.0369956
0.0926281
0.130522
0.163422
0.190805
0.191632
0.169481
0.163979
0.144739
0.138916
0.159088
0.151356
0
0
0
0
0
0
0.000207937
0.0139523
0.062809
0.103595
0.138684
0.156805
0.144346
0.119947
0.117352
0.133598
0.151063
0.166953
0.194688
0.1925
0
0
0
0
0
0
0.00249341
0.0433547
0.150556
0.188772
0.211121
0.214245
0.165429
0.121252
0.145853
0.147466
0.153155
0.129766
0.132896
0.137742
0
0
0
0
0
0
0.00035658
0.0175272
0.0830246
0.191014
0.281062
0.240139
0.174872
0.131444
0.122311
0.131555
0.13864
0.138482
0.136949
0.138966
0
0
0
0
0
0
0
0.00203393
0.0285788
0.101569
0.152092
0.178182
0.194264
0.200648
0.158617
0.114357
0.143094
0.170142
0.158202
0.147501
0
0
0
0
0
0
0.000625054
0.0175564
0.157571
0.32149
0.262267
0.200413
0.18556
0.174608
0.152733
0.139907
0.129089
0.112643
0.106983
0.107854
0
0
0
0
0
0
0
0.00141334
0.031104
0.110469
0.16873
0.174634
0.155678
0.180949
0.158944
0.131402
0.128677
0.164631
0.17777
0.154737
0
0
0
0
0
0
0
0.00886315
0.0696327
0.125504
0.147515
0.13747
0.16085
0.175813
0.158728
0.145312
0.143375
0.156081
0.161589
0.163903
0
0
0
0
0
0
0.000666884
0.0372892
0.103377
0.221611
0.238017
0.219153
0.177835
0.162734
0.146193
0.13423
0.123045
0.135128
0.134849
0.126457
0
0
0
0
0
0
0.000395514
0.0094119
0.126686
0.227004
0.247628
0.195782
0.123674
0.129565
0.138345
0.147231
0.148437
0.139773
0.144786
0.138466
0
0
0
0
0
0
0.000743801
0.00986555
0.0497708
0.1625
0.209369
0.184257
0.185513
0.181932
0.165589
0.158388
0.139792
0.131197
0.13277
0.137709
0
0
0
0
0
0
0.000924269
0.0179253
0.178145
0.324647
0.26245
0.197996
0.182755
0.176591
0.143263
0.130829
0.125757
0.11984
0.109484
0.109088
0
0
0
0
0
0
0.00231366
0.0649856
0.165202
0.256389
0.212524
0.20281
0.194086
0.158092
0.119653
0.122597
0.134028
0.128457
0.127843
0.133317
0
0
0
0
0
0
0.0011123
0.0469872
0.130792
0.216316
0.227387
0.213185
0.197707
0.174946
0.117051
0.112596
0.129393
0.138872
0.129996
0.138484
0
0
0
0
0
0
0
0.00218609
0.0349114
0.126318
0.173972
0.182084
0.204912
0.194402
0.132833
0.124944
0.155842
0.164653
0.141404
0.146225
0
0
0
0
0
0
0.000652847
0.0310711
0.0636784
0.0880247
0.120758
0.192644
0.176658
0.155862
0.130156
0.127522
0.140374
0.16797
0.173243
0.173292
0
0
0
0
0
0
0
0.016412
0.0607707
0.120208
0.186732
0.227191
0.182536
0.133411
0.114618
0.122142
0.14335
0.149105
0.167386
0.171031
0
0
0
0
0
0
0
0
0
0
0
0
0
0
0
0
0
0
0
0
0
0
0
0
0
0
0.000106174
0.0283309
0.0946753
0.142051
0.221023
0.231194
0.174329
0.166705
0.119759
0.120258
0.139799
0.139008
0.149548
0.151255
0
0
0
0
0
0
0
0.0235326
0.101458
0.124187
0.203598
0.249035
0.226363
0.170407
0.135683
0.117655
0.118141
0.135353
0.138136
0.149853
0
0
0
0
0
0
0
0.00719442
0.0352513
0.0753656
0.138152
0.163241
0.160707
0.160528
0.142415
0.125544
0.170563
0.170348
0.175304
0.167212
0
0
0
0
0
0
0.000207937
0.0139523
0.062809
0.103595
0.138684
0.156805
0.144346
0.119947
0.117352
0.133598
0.151063
0.166953
0.194688
0.1925
0
0
0
0
0
0
0
0.00645253
0.0426753
0.170491
0.208278
0.262676
0.242861
0.214354
0.163865
0.122046
0.0987491
0.106267
0.136472
0.135231
0
0
0
0
0
0
0.00643223
0.0607346
0.126636
0.169272
0.199268
0.13268
0.137784
0.184636
0.115521
0.128717
0.143752
0.156107
0.160136
0.153783
0
0
0
0
0
0
0.000443738
0.016272
0.0812583
0.162396
0.172541
0.17609
0.177203
0.156544
0.140639
0.125549
0.111695
0.142876
0.175948
0.172586
0
0
0
0
0
0
0
0.00058667
0.0455831
0.133092
0.189743
0.240584
0.255159
0.212577
0.154971
0.135067
0.108509
0.118946
0.131037
0.141291
0
0
0
0
0
0
0
0.0102613
0.110406
0.146793
0.137296
0.13303
0.130117
0.122793
0.116714
0.140903
0.146085
0.160141
0.19276
0.190712
0
0
0
0
0
0
0
0.00148193
0.0556788
0.137689
0.217739
0.260373
0.255349
0.217774
0.15515
0.10975
0.10768
0.111369
0.133768
0.137796
0
0
0
0
0
0
0
0.00760915
0.0849763
0.164614
0.211939
0.248653
0.223768
0.186774
0.137101
0.117282
0.112435
0.125966
0.14048
0.143956
0
0
0
0
0
0
0
0.0147306
0.0689459
0.104989
0.161631
0.172921
0.167091
0.154385
0.13629
0.121438
0.153152
0.166296
0.169678
0.164655
0
0
0
0
0
0
0.000478106
0.0236872
0.132682
0.207206
0.192942
0.18045
0.186151
0.168325
0.115543
0.130571
0.119163
0.146791
0.151375
0.150639
0
0
0
0
0
0
0
0.0121249
0.0958379
0.150656
0.157193
0.195479
0.16065
0.126904
0.120752
0.130253
0.130569
0.159883
0.178572
0.172809
0
0
0
0
0
0
0
0.0385435
0.12435
0.161343
0.161416
0.156777
0.131429
0.121603
0.119689
0.133867
0.15094
0.15426
0.176925
0.177539
0
0
0
0
0
0
0.000177738
0.00776576
0.0602862
0.11677
0.172192
0.213071
0.175262
0.148543
0.162274
0.133384
0.140446
0.149486
0.154682
0.156874
0
0
0
0
0
0
0.000184683
0.00302596
0.045674
0.106046
0.152955
0.211793
0.222163
0.167272
0.170928
0.133147
0.127811
0.141065
0.147246
0.157807
0
0
0
0
0
0
0
0.00120899
0.0575319
0.135092
0.185364
0.258737
0.269181
0.186386
0.151059
0.118236
0.105652
0.124685
0.138
0.144033
0
0
0
0
0
0
0
0.0105656
0.0402845
0.154773
0.172003
0.230117
0.229276
0.205986
0.170389
0.140227
0.124485
0.117512
0.126811
0.14068
0
0
0
0
0
0
0
0.00948632
0.0431975
0.157185
0.20155
0.232636
0.236332
0.187769
0.150594
0.131054
0.119269
0.119403
0.130505
0.151778
0
0
0
0
0
0
0
0
0
0
0
0
0
0
0
0
0
0
0
0
0
0
0
0
0
0
0.00413164
0.0515299
0.528486
0.154357
0.118154
0.188152
0.174405
0.120386
0.103476
0.106954
0.12145
0.141478
0.14394
0.15012
0
0
0
0
0
0
0.000305752
0.0341131
0.298614
0.336486
0.164427
0.139769
0.134119
0.131199
0.140513
0.118328
0.121651
0.138866
0.146785
0.142578
0
0
0
0.000379467
0
0.000166724
0.00372939
0.0620743
0.249471
0.367455
0.203945
0.16903
0.118672
0.131711
0.144445
0.139467
0.126036
0.126124
0.124682
0.130942
0
0
0
0
0
0
0.00249341
0.0433547
0.150556
0.188772
0.211121
0.214245
0.165429
0.121252
0.145853
0.147466
0.153155
0.129766
0.132896
0.137742
0
0
0
0
0
0
0.00643223
0.0607346
0.126636
0.169272
0.199268
0.13268
0.137784
0.184636
0.115521
0.128717
0.143752
0.156107
0.160136
0.153783
0
0
0
0
0
0.00282526
0.00974289
0.59169
0.11591
0.118096
0.212992
0.203185
0.141774
0.120992
0.113105
0.106062
0.121896
0.142195
0.132814
0.133309
0
0
0
0
0
0
0.00527838
0.0539299
0.138084
0.221529
0.171284
0.129394
0.233605
0.135362
0.135171
0.139645
0.138092
0.142734
0.141887
0.141846
0
0
0
0
0
0
0
0.00504548
0.0690691
0.319173
0.278131
0.119951
0.13747
0.140722
0.135197
0.107489
0.112349
0.141953
0.160232
0.174474
0
0
0
0
0
0.000374686
0.000698434
0.0207073
0.102055
0.17918
0.224196
0.196462
0.195309
0.169079
0.138994
0.14173
0.146605
0.140442
0.125236
0.131129
0
0
0
0
0
0
0.000119387
0.00395878
0.0680665
0.235149
0.245328
0.209102
0.109843
0.129001
0.126424
0.131196
0.123158
0.144119
0.160055
0.173708
0
0
0
0
0
0
0.00103506
0.0280632
0.119523
0.195195
0.244665
0.221465
0.134956
0.11998
0.128047
0.133288
0.132083
0.14109
0.152825
0.155941
0
0
0
0
0
0
0.00348052
0.0471521
0.223405
0.317579
0.217426
0.221852
0.131228
0.134998
0.136515
0.125529
0.123968
0.123385
0.127647
0.136494
0
0
0
0
0
0
0.000940135
0.265531
0.104547
0.241984
0.207533
0.112161
0.154609
0.184031
0.144178
0.108899
0.122102
0.134127
0.144186
0.140564
0
0
0
0
0
0
0.00236226
0.0434659
0.147539
0.190305
0.222454
0.238288
0.163287
0.125743
0.139173
0.141652
0.139968
0.133173
0.134423
0.136419
0
0
0
0
0
0.000178213
0.00544806
0.0399148
0.0923993
0.147343
0.16131
0.16881
0.180828
0.171439
0.156946
0.139079
0.14598
0.154021
0.149635
0.135582
0
0
0
0
0
0.000262619
0.00440583
0.0804376
0.448287
0.313716
0.119243
0.138513
0.150043
0.141347
0.127502
0.118867
0.118964
0.123755
0.134014
0.139738
0
0
0
0
0
0
0.000994503
0.0360031
0.245262
0.477394
0.148038
0.127016
0.142895
0.143947
0.130071
0.110618
0.112823
0.129722
0.138178
0.146931
0
0
0
0
0
0
0.000202243
0.00783709
0.124554
0.426896
0.153044
0.119433
0.155102
0.147551
0.112277
0.102956
0.112794
0.141533
0.166213
0.172001
0
0
0
0
0
0
0.0197888
0.101364
0.116407
0.1122
0.137033
0.1558
0.147413
0.154243
0.174061
0.128506
0.139325
0.160072
0.160672
0.151582
0
0
0
0
0
0
0.0173802
0.0925976
0.127079
0.163551
0.19716
0.159444
0.119568
0.164364
0.15912
0.130693
0.144582
0.153916
0.151732
0.13753
0
0
0
0
0
0
0
0
0
0
0
0
0
0
0
0
0
0
0
0
0
0
0
0
0
0
0.000700692
0.0187698
0.115231
0.159527
0.203597
0.17525
0.149205
0.201119
0.114561
0.150811
0.15278
0.13272
0.148815
0.143821
0
0
0
0
0
0
0
0.0138746
0.103513
0.175894
0.217305
0.229534
0.195889
0.151398
0.151131
0.11516
0.161534
0.124899
0.12586
0.143167
0
0
0
0
0
0
0
0.0175909
0.0912761
0.250003
0.25871
0.259718
0.191915
0.147175
0.115255
0.115085
0.13665
0.130407
0.135412
0.127647
0
0
0
0
0
0
0.00035658
0.0175272
0.0830246
0.191014
0.281062
0.240139
0.174872
0.131444
0.122311
0.131555
0.13864
0.138482
0.136949
0.138966
0
0
0
0
0
0
0.000443738
0.016272
0.0812583
0.162396
0.172541
0.17609
0.177203
0.156544
0.140639
0.125549
0.111695
0.142876
0.175948
0.172586
0
0
0
0
0
0
0.00527838
0.0539299
0.138084
0.221529
0.171284
0.129394
0.233605
0.135362
0.135171
0.139645
0.138092
0.142734
0.141887
0.141846
0
0
0
0
0
0
0
0.0344611
0.157003
0.188299
0.165214
0.247882
0.188886
0.155391
0.145542
0.120957
0.117141
0.135042
0.147396
0.139027
0
0
0
0
0
0
0
0.00231004
0.0505126
0.126903
0.162462
0.196876
0.198191
0.161817
0.159593
0.141461
0.125533
0.15538
0.154062
0.152481
0
0
0
0
0
0
0.000527933
0.0205951
0.123586
0.17562
0.163064
0.145637
0.133172
0.131969
0.14344
0.143212
0.15324
0.161891
0.164225
0.157136
0
0
0
0
0
0
0
0.00194894
0.0627458
0.1373
0.178436
0.178391
0.191487
0.171991
0.140623
0.123887
0.135992
0.148528
0.165397
0.157075
0
0
0
0
0
0
0
0.00481896
0.0666299
0.157094
0.170963
0.179229
0.184995
0.144078
0.144562
0.135822
0.139516
0.146505
0.164473
0.159451
0
0
0
0
0
0
0
0.0311313
0.0970432
0.177403
0.214399
0.19284
0.183707
0.15901
0.123899
0.136772
0.140281
0.144577
0.14612
0.141777
0
0
0
0
0
0
0
0.0486702
0.228988
0.193493
0.195089
0.169132
0.168736
0.12987
0.127443
0.141293
0.135386
0.147339
0.145615
0.136929
0
0
0
0
0
0
0.00183121
0.0166686
0.0937248
0.169688
0.212137
0.18633
0.148575
0.140279
0.146813
0.144223
0.144586
0.148032
0.154172
0.145327
0
0
0
0
0
0
0.000916993
0.0382768
0.130702
0.149657
0.168611
0.156893
0.139689
0.128609
0.143676
0.136856
0.1518
0.152086
0.16147
0.167647
0
0
0
0
0
0
0.00033741
0.0323801
0.185786
0.196905
0.223702
0.203196
0.158507
0.165092
0.137813
0.1251
0.12903
0.133624
0.136434
0.140726
0
0
0
0
0
0
0
0.00582536
0.118133
0.186755
0.186672
0.21934
0.184379
0.161881
0.148217
0.118648
0.138162
0.14559
0.136974
0.142451
0
0
0
0
0
0
0
0.00266461
0.0529022
0.130061
0.178793
0.210484
0.186585
0.141554
0.179083
0.119276
0.139566
0.158173
0.14243
0.15688
0
0
0
0
0
0
0
0.0685909
0.137515
0.164758
0.145673
0.193105
0.156754
0.151183
0.143168
0.137883
0.139033
0.147238
0.140933
0.1604
0
0
0
0
0
0
0.000535254
0.0288154
0.121258
0.181677
0.184844
0.205751
0.192182
0.158001
0.134621
0.128303
0.117848
0.130909
0.14861
0.161909
0
0
0
0
0
0
0
0
0
0
0
0
0
0
0
0
0
0
0
0
0
0
0
0
0
0
0
0.0015847
0.0418489
0.183333
0.40336
0.254867
0.169373
0.142591
0.126956
0.0899759
0.0928337
0.118001
0.150747
0.166489
0
0
0
0
0
0
0
0.000887756
0.0331757
0.148875
0.270291
0.30831
0.231106
0.156523
0.114974
0.108178
0.102662
0.117015
0.143338
0.162338
0
0
0
0
0
0
0
0.00124073
0.0313224
0.103317
0.158953
0.215808
0.214896
0.178471
0.118118
0.128579
0.172309
0.138891
0.149407
0.157684
0
0
0
0
0
0
0
0.00203393
0.0285788
0.101569
0.152092
0.178182
0.194264
0.200648
0.158617
0.114357
0.143094
0.170142
0.158202
0.147501
0
0
0
0
0
0
0
0.00058667
0.0455831
0.133092
0.189743
0.240584
0.255159
0.212577
0.154971
0.135067
0.108509
0.118946
0.131037
0.141291
0
0
0
0
0
0
0
0.00504548
0.0690691
0.319173
0.278131
0.119951
0.13747
0.140722
0.135197
0.107489
0.112349
0.141953
0.160232
0.174474
0
0
0
0
0
0
0
0.00231004
0.0505126
0.126903
0.162462
0.196876
0.198191
0.161817
0.159593
0.141461
0.125533
0.15538
0.154062
0.152481
0
0
0
0
0
0
0
0.000227004
0.0162036
0.125943
0.222621
0.290841
0.334364
0.238467
0.124787
0.117857
0.101847
0.0887306
0.115242
0.141429
0
0
0
0
0
0
0
0.00051856
0.0127565
0.0668646
0.144329
0.185164
0.186217
0.187005
0.18003
0.146205
0.127083
0.150653
0.169797
0.156213
0
0
0
0
0
0
0
0.000123369
0.00524054
0.084319
0.23637
0.356884
0.324788
0.209137
0.129653
0.0973846
0.105246
0.103008
0.114446
0.142106
0
0
0
0
0
0
0
0.000846082
0.0284906
0.143533
0.231914
0.270952
0.255427
0.206274
0.134014
0.102253
0.113231
0.123181
0.127054
0.149815
0
0
0
0
0
0
0
0.00171762
0.0401751
0.110854
0.164343
0.209372
0.215178
0.192734
0.121387
0.126753
0.164743
0.135989
0.140996
0.161122
0
0
0
0
0
0
0
0.000136968
0.0134776
0.17236
0.289779
0.215742
0.214398
0.148333
0.156867
0.114838
0.113565
0.118629
0.138528
0.16883
0
0
0
0
0
0
0
0.000947797
0.0298135
0.122306
0.1788
0.198047
0.186564
0.203609
0.160527
0.11342
0.13899
0.156774
0.148543
0.148124
0
0
0
0
0
0
0
0.0044852
0.0416018
0.11157
0.159516
0.145761
0.158664
0.149878
0.162913
0.161893
0.156211
0.145716
0.15671
0.172852
0
0
0
0
0
0
0
0.000980579
0.03472
0.134584
0.238216
0.30545
0.175395
0.126898
0.154514
0.126599
0.106669
0.124644
0.147422
0.171558
0
0
0
0
0
0
0
0.000477556
0.0194128
0.0908764
0.198037
0.322383
0.273464
0.152475
0.133574
0.143051
0.103394
0.109069
0.132758
0.165686
0
0
0
0
0
0
0
0
0.0178686
0.13161
0.236618
0.339787
0.31502
0.179261
0.132645
0.116802
0.0862801
0.0968931
0.124612
0.14775
0
0
0
0
0
0
0
0.00874358
0.0729745
0.135197
0.139578
0.190233
0.204633
0.204587
0.185438
0.158698
0.128271
0.129097
0.131375
0.140836
0
0
0
0
0
0
0
0.00244218
0.0634955
0.133523
0.168268
0.207822
0.229152
0.196991
0.139633
0.135145
0.135586
0.129588
0.143881
0.146566
0
0
0
0
0
0
0
0
0
0
0
0
0
0
0
0
0
0
0
0
0
0
0
0
0
0
0.000123449
0.00539377
0.0504952
0.127311
0.172751
0.227499
0.189106
0.20613
0.146913
0.14711
0.153664
0.136558
0.129584
0.136381
0
0
0
0
0
0
0
0.00117026
0.0353953
0.115954
0.13938
0.162229
0.186229
0.168679
0.173094
0.136027
0.144247
0.166171
0.148108
0.162022
0
0
0
0
0
0
0.00128226
0.0486464
0.219177
0.286619
0.242182
0.22114
0.196328
0.172636
0.144371
0.122007
0.116112
0.110529
0.116229
0.111651
0
0
0
0
0
0
0.000625054
0.0175564
0.157571
0.32149
0.262267
0.200413
0.18556
0.174608
0.152733
0.139907
0.129089
0.112643
0.106983
0.107854
0
0
0
0
0
0
0
0.0102613
0.110406
0.146793
0.137296
0.13303
0.130117
0.122793
0.116714
0.140903
0.146085
0.160141
0.19276
0.190712
0
0
0
0
0
0.000374686
0.000698434
0.0207073
0.102055
0.17918
0.224196
0.196462
0.195309
0.169079
0.138994
0.14173
0.146605
0.140442
0.125236
0.131129
0
0
0
0
0
0
0.000527933
0.0205951
0.123586
0.17562
0.163064
0.145637
0.133172
0.131969
0.14344
0.143212
0.15324
0.161891
0.164225
0.157136
0
0
0
0
0
0
0
0.00051856
0.0127565
0.0668646
0.144329
0.185164
0.186217
0.187005
0.18003
0.146205
0.127083
0.150653
0.169797
0.156213
0
0
0
0
0
0
0
0.00486156
0.0193441
0.0724447
0.102024
0.108958
0.128328
0.162818
0.183366
0.198103
0.193539
0.173055
0.147285
0.153448
0
0
0
0
0
0
0
0.000423991
0.0108063
0.0802306
0.175251
0.185709
0.156627
0.164138
0.170068
0.143711
0.137169
0.143861
0.173066
0.170837
0
0
0
0
0
0
0
0.00210494
0.0268244
0.133988
0.168557
0.152306
0.137169
0.154304
0.159843
0.169573
0.153283
0.148008
0.160393
0.165747
0
0
0
0
0
0.000340902
0.00127092
0.0176503
0.120286
0.197825
0.190971
0.182579
0.170287
0.16895
0.152742
0.144125
0.137185
0.136167
0.146304
0.132478
0
0
0
0
0
0
0
0.00426822
0.0322944
0.111339
0.191598
0.216766
0.169912
0.145617
0.141491
0.153905
0.163366
0.158062
0.145632
0.144323
0
0
0
0
0
0
0
0.0066949
0.0759971
0.209124
0.196743
0.160731
0.162313
0.157514
0.165062
0.165227
0.153048
0.134002
0.133549
0.139059
0
0
0
0
0
0
0.000817076
0.00403748
0.0478183
0.101803
0.125767
0.120912
0.11733
0.1244
0.144659
0.173618
0.186242
0.184455
0.170746
0.165197
0
0
0
0
0
0
0.000567661
0.0162396
0.0947827
0.180167
0.193708
0.192108
0.205181
0.18495
0.157813
0.127199
0.132433
0.137773
0.13418
0.136127
0
0
0
0
0
0
0
0.00673936
0.0596657
0.147974
0.19311
0.212045
0.21223
0.185643
0.168666
0.123917
0.125892
0.142431
0.135424
0.140244
0
0
0
0
0
0
0
0.00109641
0.0185705
0.0857387
0.16837
0.205692
0.187321
0.178431
0.183721
0.128472
0.134102
0.153582
0.154411
0.152237
0
0
0
0
0
0
0
0.0577981
0.275819
0.186397
0.129029
0.12995
0.131165
0.118861
0.119243
0.118608
0.147445
0.163086
0.16078
0.17357
0
0
0
0
0
0
0.000597001
0.0426198
0.24025
0.23791
0.190561
0.165365
0.131134
0.116568
0.100177
0.117296
0.141658
0.140429
0.16158
0.169714
0
0
0
0
0
0
0
0
0
0
0
0
0
0
0
0
0
0
0
0
0
0
0
0
0
0
0
0.000713677
0.029906
0.177748
0.336092
0.337952
0.172754
0.10324
0.133064
0.110991
0.0912687
0.115853
0.154063
0.162369
0
0
0
0
0
0
0
0.000194987
0.0268927
0.146755
0.273189
0.325496
0.220561
0.140634
0.100735
0.112723
0.114118
0.118272
0.149515
0.160374
0
0
0
0
0
0
0
0.00173175
0.0425677
0.100527
0.144562
0.18032
0.226449
0.144797
0.133266
0.11575
0.169128
0.163321
0.153072
0.166367
0
0
0
0
0
0
0
0.00141334
0.031104
0.110469
0.16873
0.174634
0.155678
0.180949
0.158944
0.131402
0.128677
0.164631
0.17777
0.154737
0
0
0
0
0
0
0
0.00148193
0.0556788
0.137689
0.217739
0.260373
0.255349
0.217774
0.15515
0.10975
0.10768
0.111369
0.133768
0.137796
0
0
0
0
0
0
0.000119387
0.00395878
0.0680665
0.235149
0.245328
0.209102
0.109843
0.129001
0.126424
0.131196
0.123158
0.144119
0.160055
0.173708
0
0
0
0
0
0
0
0.00194894
0.0627458
0.1373
0.178436
0.178391
0.191487
0.171991
0.140623
0.123887
0.135992
0.148528
0.165397
0.157075
0
0
0
0
0
0
0
0.000123369
0.00524054
0.084319
0.23637
0.356884
0.324788
0.209137
0.129653
0.0973846
0.105246
0.103008
0.114446
0.142106
0
0
0
0
0
0
0
0.000423991
0.0108063
0.0802306
0.175251
0.185709
0.156627
0.164138
0.170068
0.143711
0.137169
0.143861
0.173066
0.170837
0
0
0
0
0
0
0
4.95212e-05
0.00307549
0.0772856
0.280374
0.350281
0.323601
0.211688
0.135381
0.0870615
0.0921036
0.111428
0.11368
0.138215
0
0
0
0
0
0
0
0.000137433
0.01308
0.12783
0.284573
0.279074
0.236997
0.199362
0.13759
0.104713
0.106289
0.117517
0.133471
0.149192
0
0
0
0
0
0
0
0.00161047
0.0391412
0.114047
0.173279
0.196962
0.222156
0.159034
0.127641
0.110886
0.160055
0.15711
0.151089
0.161037
0
0
0
0
0
0
0
0.000595217
0.0133735
0.151427
0.310572
0.223676
0.191189
0.138506
0.134433
0.130894
0.126087
0.133395
0.141629
0.158835
0
0
0
0
0
0
0.000144498
0.000676438
0.030098
0.135252
0.214205
0.189832
0.167432
0.178606
0.155933
0.124204
0.126602
0.152979
0.164715
0.150893
0
0
0
0
0
0
0
0.00228373
0.0515745
0.130706
0.176282
0.160601
0.146853
0.140336
0.147689
0.156487
0.154319
0.150022
0.154951
0.176216
0
0
0
0
0
0
0
0.00114835
0.0342695
0.137323
0.211747
0.278293
0.213922
0.120238
0.121532
0.146609
0.11675
0.125555
0.150481
0.172014
0
0
0
0
0
0
0
0.000511991
0.0151758
0.0860021
0.200885
0.321307
0.270976
0.155651
0.109945
0.124315
0.126826
0.112532
0.137695
0.16916
0
0
0
0
0
0
4.27982e-05
0.000100176
0.00597898
0.0919948
0.258855
0.387869
0.301345
0.177079
0.105453
0.0984684
0.104447
0.101168
0.123688
0.155085
0
0
0
0
0
0
0
0.0130365
0.10909
0.138708
0.159672
0.182948
0.200087
0.184659
0.183566
0.15212
0.12665
0.126533
0.136475
0.143148
0
0
0
0
0
0
0
0.0038735
0.0701799
0.149146
0.192698
0.235196
0.217622
0.186671
0.135376
0.115604
0.115978
0.137004
0.145259
0.15435
0
0
0
0
0
0
0
0
0
0
0
0
0
0
0
0
0
0
0
0
0
0
0
0
0
0
0.000206805
0.0064541
0.0728781
0.197233
0.251961
0.263893
0.190781
0.129894
0.126808
0.121423
0.120397
0.120569
0.148448
0.158056
0
0
0
0
0
0
0
0.00361135
0.0837415
0.156625
0.225227
0.205834
0.186509
0.150962
0.108843
0.119897
0.143609
0.133932
0.150378
0.173839
0
0
0
0
0
0
0
0.0121021
0.0618196
0.10791
0.125355
0.14667
0.198176
0.185179
0.146211
0.124281
0.15533
0.161803
0.16377
0.157832
0
0
0
0
0
0
0
0.00886315
0.0696327
0.125504
0.147515
0.13747
0.16085
0.175813
0.158728
0.145312
0.143375
0.156081
0.161589
0.163903
0
0
0
0
0
0
0
0.00760915
0.0849763
0.164614
0.211939
0.248653
0.223768
0.186774
0.137101
0.117282
0.112435
0.125966
0.14048
0.143956
0
0
0
0
0
0
0.00103506
0.0280632
0.119523
0.195195
0.244665
0.221465
0.134956
0.11998
0.128047
0.133288
0.132083
0.14109
0.152825
0.155941
0
0
0
0
0
0
0
0.00481896
0.0666299
0.157094
0.170963
0.179229
0.184995
0.144078
0.144562
0.135822
0.139516
0.146505
0.164473
0.159451
0
0
0
0
0
0
0
0.000846082
0.0284906
0.143533
0.231914
0.270952
0.255427
0.206274
0.134014
0.102253
0.113231
0.123181
0.127054
0.149815
0
0
0
0
0
0
0
0.00210494
0.0268244
0.133988
0.168557
0.152306
0.137169
0.154304
0.159843
0.169573
0.153283
0.148008
0.160393
0.165747
0
0
0
0
0
0
0
0.000137433
0.01308
0.12783
0.284573
0.279074
0.236997
0.199362
0.13759
0.104713
0.106289
0.117517
0.133471
0.149192
0
0
0
0
0
0
0
0.00371722
0.0539665
0.201521
0.265323
0.247329
0.204073
0.193119
0.139737
0.121233
0.102884
0.122046
0.132442
0.142441
0
0
0
0
0
0
0
0.0150726
0.0681518
0.134092
0.161011
0.169654
0.192929
0.162521
0.151723
0.128944
0.142527
0.155325
0.152651
0.159143
0
0
0
0
0
0
0
0.00116539
0.0347782
0.224983
0.258788
0.215782
0.182845
0.146398
0.128915
0.122536
0.13713
0.135736
0.1497
0.14407
0
0
0
0
0
0
0
0.00898945
0.0618422
0.154538
0.167053
0.166787
0.154532
0.164345
0.168207
0.145098
0.142934
0.150045
0.149221
0.158288
0
0
0
0
0
0
0.000511304
0.00917535
0.0559857
0.149592
0.168037
0.148757
0.136347
0.139593
0.148462
0.152618
0.160535
0.155836
0.166028
0.163697
0
0
0
0
0
0
0
0.00919607
0.0636437
0.155179
0.182419
0.222954
0.207885
0.140265
0.126627
0.137926
0.134582
0.138702
0.145636
0.165888
0
0
0
0
0
0
0.000369868
0.00432866
0.0463179
0.137672
0.180057
0.242258
0.24585
0.183423
0.120535
0.119538
0.130158
0.129396
0.139277
0.160913
0
0
0
0
0
0
0
0.000341921
0.0255094
0.152626
0.249828
0.276221
0.255906
0.175996
0.119798
0.111664
0.114466
0.114802
0.134529
0.157054
0
0
0
0
0
0
0
0.0102937
0.129517
0.172393
0.15535
0.191424
0.218699
0.194535
0.156132
0.134286
0.117769
0.131733
0.143327
0.137359
0
0
0
0
0
0
0
0.00773886
0.111312
0.193349
0.18594
0.212652
0.200018
0.167106
0.127044
0.116838
0.122007
0.141778
0.152995
0.149458
0
0
0
0
0
0
0
0
0
0
0
0
0
0
0
0
0
0
0
0
0
0
0
0
0
0
0
0.0175061
0.127638
0.245139
0.22256
0.240963
0.155139
0.124313
0.16415
0.122523
0.117018
0.13242
0.140367
0.144367
0
0
0
0
0
0
0
0.00758948
0.0776936
0.185029
0.200542
0.229258
0.193162
0.151921
0.122785
0.142566
0.1214
0.133895
0.155685
0.149374
0
0
0
0
0
0
0.000924898
0.0221899
0.145943
0.251578
0.270132
0.245036
0.201795
0.135977
0.123816
0.113655
0.12303
0.131218
0.13096
0.125392
0
0
0
0
0
0
0.000666884
0.0372892
0.103377
0.221611
0.238017
0.219153
0.177835
0.162734
0.146193
0.13423
0.123045
0.135128
0.134849
0.126457
0
0
0
0
0
0
0
0.0147306
0.0689459
0.104989
0.161631
0.172921
0.167091
0.154385
0.13629
0.121438
0.153152
0.166296
0.169678
0.164655
0
0
0
0
0
0
0.00348052
0.0471521
0.223405
0.317579
0.217426
0.221852
0.131228
0.134998
0.136515
0.125529
0.123968
0.123385
0.127647
0.136494
0
0
0
0
0
0
0
0.0311313
0.0970432
0.177403
0.214399
0.19284
0.183707
0.15901
0.123899
0.136772
0.140281
0.144577
0.14612
0.141777
0
0
0
0
0
0
0
0.00171762
0.0401751
0.110854
0.164343
0.209372
0.215178
0.192734
0.121387
0.126753
0.164743
0.135989
0.140996
0.161122
0
0
0
0
0
0.000340902
0.00127092
0.0176503
0.120286
0.197825
0.190971
0.182579
0.170287
0.16895
0.152742
0.144125
0.137185
0.136167
0.146304
0.132478
0
0
0
0
0
0
0
0.00161047
0.0391412
0.114047
0.173279
0.196962
0.222156
0.159034
0.127641
0.110886
0.160055
0.15711
0.151089
0.161037
0
0
0
0
0
0
0
0.0150726
0.0681518
0.134092
0.161011
0.169654
0.192929
0.162521
0.151723
0.128944
0.142527
0.155325
0.152651
0.159143
0
0
0
0
0
0
0.000548394
0.0342293
0.119058
0.256081
0.281422
0.236635
0.211272
0.137084
0.120965
0.116025
0.123341
0.128585
0.125885
0.129449
0
0
0
0
0
0
0
0.00933956
0.146277
0.29912
0.248536
0.183595
0.133969
0.138135
0.130212
0.148869
0.14135
0.131797
0.134548
0.13247
0
0
0
0
0
0
0
0.025187
0.098803
0.223629
0.223068
0.206681
0.175698
0.172308
0.148616
0.123678
0.126295
0.13842
0.137199
0.134191
0
0
0
0
0
0
0.00114265
0.0169388
0.109656
0.169681
0.158895
0.155885
0.159652
0.158365
0.153623
0.152239
0.147638
0.151642
0.148054
0.148527
0
0
0
0
0
0.00054937
0.000204811
0.0270057
0.188816
0.277643
0.247823
0.214498
0.178005
0.122803
0.131501
0.130793
0.12025
0.128177
0.134303
0.130278
0
0
0
0
0
0
0.000653502
0.0124069
0.122824
0.227597
0.258317
0.2471
0.203525
0.125593
0.11787
0.137466
0.123944
0.124882
0.134521
0.1372
0
0
0
0
0
0
0
0.00221511
0.0454008
0.143452
0.215065
0.230101
0.21277
0.148952
0.109021
0.153826
0.150419
0.126626
0.141412
0.155573
0
0
0
0
0
0
0
0.0491235
0.117211
0.0874048
0.116799
0.16115
0.170165
0.147323
0.15601
0.15421
0.150528
0.168414
0.154055
0.154335
0
0
0
0
0
0
0.00135345
0.0237597
0.0875131
0.103927
0.166652
0.201602
0.174584
0.150259
0.136127
0.130793
0.131557
0.165952
0.162845
0.159954
0
0
0
0
0
0
0
0
0
0
0
0
0
0
0
0
0
0
0
0
0
0
0
0
0
0
0
0.0362263
0.232061
0.213926
0.222581
0.168092
0.135819
0.161266
0.133161
0.110298
0.113758
0.131412
0.15147
0.163875
0
0
0
0
0
0
0
0.00816131
0.144404
0.264787
0.234102
0.219278
0.13857
0.149681
0.13836
0.124263
0.112404
0.122732
0.14461
0.157491
0
0
0
0
0
0
0.000214478
0.0133872
0.168306
0.279025
0.252264
0.148725
0.126192
0.135023
0.132994
0.146042
0.147547
0.139561
0.136399
0.13807
0
0
0
0
0
0
0.000395514
0.0094119
0.126686
0.227004
0.247628
0.195782
0.123674
0.129565
0.138345
0.147231
0.148437
0.139773
0.144786
0.138466
0
0
0
0
0
0
0.000478106
0.0236872
0.132682
0.207206
0.192942
0.18045
0.186151
0.168325
0.115543
0.130571
0.119163
0.146791
0.151375
0.150639
0
0
0
0
0
0
0.000940135
0.265531
0.104547
0.241984
0.207533
0.112161
0.154609
0.184031
0.144178
0.108899
0.122102
0.134127
0.144186
0.140564
0
0
0
0
0
0
0
0.0486702
0.228988
0.193493
0.195089
0.169132
0.168736
0.12987
0.127443
0.141293
0.135386
0.147339
0.145615
0.136929
0
0
0
0
0
0
0
0.000136968
0.0134776
0.17236
0.289779
0.215742
0.214398
0.148333
0.156867
0.114838
0.113565
0.118629
0.138528
0.16883
0
0
0
0
0
0
0
0.00426822
0.0322944
0.111339
0.191598
0.216766
0.169912
0.145617
0.141491
0.153905
0.163366
0.158062
0.145632
0.144323
0
0
0
0
0
0
0
0.000595217
0.0133735
0.151427
0.310572
0.223676
0.191189
0.138506
0.134433
0.130894
0.126087
0.133395
0.141629
0.158835
0
0
0
0
0
0
0
0.00116539
0.0347782
0.224983
0.258788
0.215782
0.182845
0.146398
0.128915
0.122536
0.13713
0.135736
0.1497
0.14407
0
0
0
0
0
0
0
0.00933956
0.146277
0.29912
0.248536
0.183595
0.133969
0.138135
0.130212
0.148869
0.14135
0.131797
0.134548
0.13247
0
0
0
0
0
0
0
0.000708905
0.0351638
0.243834
0.326549
0.13183
0.124122
0.139075
0.148863
0.149943
0.147788
0.130137
0.137988
0.157519
0
0
0
0
0
0
0.000327671
0.00639136
0.0892841
0.209985
0.253237
0.202271
0.150175
0.144756
0.143886
0.139701
0.145639
0.143001
0.133279
0.139635
0
0
0
0
0
0
0.00023247
0.0079806
0.0713897
0.134454
0.154025
0.173904
0.186508
0.160811
0.147062
0.142607
0.157192
0.152094
0.150378
0.151506
0
0
0
0
0
0
0
0.0390708
0.224822
0.239293
0.230938
0.179777
0.135464
0.156484
0.141559
0.126549
0.125885
0.126407
0.136963
0.144473
0
0
0
0
0
0
0
0.00289939
0.116064
0.313807
0.209247
0.218767
0.158198
0.147801
0.156273
0.127094
0.114591
0.116881
0.136726
0.149145
0
0
0
0
0
0
0
0.000518781
0.0476167
0.260026
0.213379
0.252837
0.196784
0.139327
0.156832
0.113029
0.105466
0.117341
0.13873
0.167329
0
0
0
0
0
0
0.00139328
0.0788121
0.222701
0.238994
0.17324
0.169336
0.175044
0.1607
0.14138
0.132093
0.12078
0.123747
0.13948
0.140702
0
0
0
0
0
0
0.000279267
0.0348622
0.193489
0.233048
0.196687
0.179127
0.167788
0.163103
0.133052
0.117404
0.132185
0.130336
0.144643
0.144722
0
0
0
0
0
0
0
0
0
0
0
0
0
0
0
0
0
0
0
0
0
0
0
0
0
0
0
0.0126249
0.0738244
0.15466
0.20781
0.236057
0.213205
0.144134
0.159232
0.145083
0.145776
0.113672
0.130005
0.145652
0
0
0
0
0
0
0
0.00496916
0.077295
0.174779
0.190283
0.176244
0.228616
0.155119
0.130929
0.136934
0.131673
0.154644
0.140117
0.148064
0
0
0
0
0
0.00038502
0.000287079
0.0132151
0.0823787
0.229106
0.211397
0.194199
0.184802
0.163284
0.143305
0.135987
0.133042
0.141712
0.141689
0.131672
0
0
0
0
0
0
0.000743801
0.00986555
0.0497708
0.1625
0.209369
0.184257
0.185513
0.181932
0.165589
0.158388
0.139792
0.131197
0.13277
0.137709
0
0
0
0
0
0
0
0.0121249
0.0958379
0.150656
0.157193
0.195479
0.16065
0.126904
0.120752
0.130253
0.130569
0.159883
0.178572
0.172809
0
0
0
0
0
0
0.00236226
0.0434659
0.147539
0.190305
0.222454
0.238288
0.163287
0.125743
0.139173
0.141652
0.139968
0.133173
0.134423
0.136419
0
0
0
0
0
0
0.00183121
0.0166686
0.0937248
0.169688
0.212137
0.18633
0.148575
0.140279
0.146813
0.144223
0.144586
0.148032
0.154172
0.145327
0
0
0
0
0
0
0
0.000947797
0.0298135
0.122306
0.1788
0.198047
0.186564
0.203609
0.160527
0.11342
0.13899
0.156774
0.148543
0.148124
0
0
0
0
0
0
0
0.0066949
0.0759971
0.209124
0.196743
0.160731
0.162313
0.157514
0.165062
0.165227
0.153048
0.134002
0.133549
0.139059
0
0
0
0
0
0
0.000144498
0.000676438
0.030098
0.135252
0.214205
0.189832
0.167432
0.178606
0.155933
0.124204
0.126602
0.152979
0.164715
0.150893
0
0
0
0
0
0
0
0.00898945
0.0618422
0.154538
0.167053
0.166787
0.154532
0.164345
0.168207
0.145098
0.142934
0.150045
0.149221
0.158288
0
0
0
0
0
0
0
0.025187
0.098803
0.223629
0.223068
0.206681
0.175698
0.172308
0.148616
0.123678
0.126295
0.13842
0.137199
0.134191
0
0
0
0
0
0
0.000327671
0.00639136
0.0892841
0.209985
0.253237
0.202271
0.150175
0.144756
0.143886
0.139701
0.145639
0.143001
0.133279
0.139635
0
0
0
0
0
0
0.000725674
0.0107575
0.0520589
0.168488
0.187474
0.190888
0.192085
0.188923
0.181586
0.155192
0.144065
0.129039
0.132669
0.124332
0
0
0
0
0
0
0.000937682
0.019997
0.106606
0.190865
0.178801
0.148536
0.144274
0.143572
0.146678
0.156708
0.157673
0.155576
0.151387
0.140916
0
0
0
0
0
0.00033538
0.00125033
0.0304366
0.113774
0.194621
0.222926
0.207988
0.213405
0.163981
0.128344
0.133097
0.139912
0.127042
0.126492
0.138893
0
0
0
0
0
0
0.000260376
0.0314882
0.110927
0.177161
0.23326
0.216072
0.21572
0.188288
0.12312
0.112201
0.130006
0.137001
0.130374
0.136601
0
0
0
0
0
0
0
0.002156
0.0385048
0.11457
0.201194
0.203369
0.208986
0.188265
0.132078
0.126048
0.144045
0.144822
0.139529
0.158691
0
0
0
0
0
0
0.00282921
0.0529776
0.16795
0.145321
0.138807
0.148205
0.173629
0.14313
0.144387
0.134816
0.139203
0.142481
0.157618
0.168655
0
0
0
0
0
0
0
0.0336726
0.102106
0.167642
0.176857
0.180943
0.160689
0.132058
0.1241
0.12624
0.139531
0.157361
0.167305
0.164386
0
0
0
0
0
0
0
0
0
0
0
0
0
0
0
0
0
0
0
0
0
0
0
0
0
0.000154019
0.000803881
0.0231169
0.0796387
0.118492
0.135778
0.147061
0.175128
0.169795
0.162351
0.160938
0.144534
0.154091
0.162929
0.143835
0
0
0
0
0
0
0
0.0118737
0.0574607
0.113179
0.148375
0.137919
0.147667
0.179275
0.162076
0.15233
0.150592
0.155559
0.160915
0.162681
0
0
0
0
0
0
0.000975033
0.0531249
0.288994
0.287719
0.20213
0.179378
0.208048
0.161225
0.136903
0.127863
0.11779
0.121057
0.112908
0.118839
0
0
0
0
0
0
0.000924269
0.0179253
0.178145
0.324647
0.26245
0.197996
0.182755
0.176591
0.143263
0.130829
0.125757
0.11984
0.109484
0.109088
0
0
0
0
0
0
0
0.0385435
0.12435
0.161343
0.161416
0.156777
0.131429
0.121603
0.119689
0.133867
0.15094
0.15426
0.176925
0.177539
0
0
0
0
0
0.000178213
0.00544806
0.0399148
0.0923993
0.147343
0.16131
0.16881
0.180828
0.171439
0.156946
0.139079
0.14598
0.154021
0.149635
0.135582
0
0
0
0
0
0
0.000916993
0.0382768
0.130702
0.149657
0.168611
0.156893
0.139689
0.128609
0.143676
0.136856
0.1518
0.152086
0.16147
0.167647
0
0
0
0
0
0
0
0.0044852
0.0416018
0.11157
0.159516
0.145761
0.158664
0.149878
0.162913
0.161893
0.156211
0.145716
0.15671
0.172852
0
0
0
0
0
0
0.000817076
0.00403748
0.0478183
0.101803
0.125767
0.120912
0.11733
0.1244
0.144659
0.173618
0.186242
0.184455
0.170746
0.165197
0
0
0
0
0
0
0
0.00228373
0.0515745
0.130706
0.176282
0.160601
0.146853
0.140336
0.147689
0.156487
0.154319
0.150022
0.154951
0.176216
0
0
0
0
0
0
0.000511304
0.00917535
0.0559857
0.149592
0.168037
0.148757
0.136347
0.139593
0.148462
0.152618
0.160535
0.155836
0.166028
0.163697
0
0
0
0
0
0
0.00114265
0.0169388
0.109656
0.169681
0.158895
0.155885
0.159652
0.158365
0.153623
0.152239
0.147638
0.151642
0.148054
0.148527
0
0
0
0
0
0
0.00023247
0.0079806
0.0713897
0.134454
0.154025
0.173904
0.186508
0.160811
0.147062
0.142607
0.157192
0.152094
0.150378
0.151506
0
0
0
0
0
0
0.000937682
0.019997
0.106606
0.190865
0.178801
0.148536
0.144274
0.143572
0.146678
0.156708
0.157673
0.155576
0.151387
0.140916
0
0
0
0
0
0
0.000933503
0.0116534
0.0608002
0.131698
0.126325
0.14846
0.131194
0.142753
0.136122
0.146366
0.16175
0.167567
0.177511
0.173584
0
0
0
0
0
0
0.00148489
0.0283841
0.101151
0.134504
0.149237
0.161513
0.176337
0.169555
0.167659
0.154321
0.142955
0.1458
0.149632
0.142902
0
0
0
0
0
0.000264479
0
0.0124627
0.072224
0.151937
0.157257
0.162161
0.172554
0.169864
0.169963
0.153222
0.146679
0.139012
0.14559
0.152658
0
0
0
0
0
0
0
0.00271271
0.0430587
0.131768
0.158382
0.153042
0.149985
0.151876
0.16014
0.159654
0.151954
0.141022
0.163513
0.171362
0
0
0
0
0
0
0.0053496
0.128793
0.23565
0.195741
0.165872
0.156964
0.143707
0.136455
0.116615
0.109774
0.124778
0.144469
0.153403
0.17299
0
0
0
0
0
0
0.000598699
0.0688995
0.178016
0.207731
0.196232
0.179711
0.143275
0.122762
0.118825
0.116055
0.139531
0.145642
0.158261
0.161587
0
0
0
0
0
0
0
0
0
0
0
0
0
0
0
0
0
0
0
0
0
0
0
0
0
0
0.000823609
0.017707
0.171265
0.406274
0.227089
0.141226
0.165156
0.173228
0.0962979
0.0961372
0.114476
0.134511
0.147172
0.146877
0
0
0
0
0
0
0
0.0193348
0.119187
0.243963
0.298447
0.202458
0.125834
0.142734
0.14048
0.121055
0.120238
0.14083
0.142712
0.143267
0
0
0
0
0
0
0.00133144
0.0786898
0.357869
0.292673
0.255126
0.20654
0.15059
0.0983518
0.118088
0.118312
0.118198
0.12594
0.128123
0.126183
0
0
0
0
0
0
0.00231366
0.0649856
0.165202
0.256389
0.212524
0.20281
0.194086
0.158092
0.119653
0.122597
0.134028
0.128457
0.127843
0.133317
0
0
0
0
0
0
0.000177738
0.00776576
0.0602862
0.11677
0.172192
0.213071
0.175262
0.148543
0.162274
0.133384
0.140446
0.149486
0.154682
0.156874
0
0
0
0
0
0.000262619
0.00440583
0.0804376
0.448287
0.313716
0.119243
0.138513
0.150043
0.141347
0.127502
0.118867
0.118964
0.123755
0.134014
0.139738
0
0
0
0
0
0
0.00033741
0.0323801
0.185786
0.196905
0.223702
0.203196
0.158507
0.165092
0.137813
0.1251
0.12903
0.133624
0.136434
0.140726
0
0
0
0
0
0
0
0.000980579
0.03472
0.134584
0.238216
0.30545
0.175395
0.126898
0.154514
0.126599
0.106669
0.124644
0.147422
0.171558
0
0
0
0
0
0
0.000567661
0.0162396
0.0947827
0.180167
0.193708
0.192108
0.205181
0.18495
0.157813
0.127199
0.132433
0.137773
0.13418
0.136127
0
0
0
0
0
0
0
0.00114835
0.0342695
0.137323
0.211747
0.278293
0.213922
0.120238
0.121532
0.146609
0.11675
0.125555
0.150481
0.172014
0
0
0
0
0
0
0
0.00919607
0.0636437
0.155179
0.182419
0.222954
0.207885
0.140265
0.126627
0.137926
0.134582
0.138702
0.145636
0.165888
0
0
0
0
0
0.00054937
0.000204811
0.0270057
0.188816
0.277643
0.247823
0.214498
0.178005
0.122803
0.131501
0.130793
0.12025
0.128177
0.134303
0.130278
0
0
0
0
0
0
0
0.0390708
0.224822
0.239293
0.230938
0.179777
0.135464
0.156484
0.141559
0.126549
0.125885
0.126407
0.136963
0.144473
0
0
0
0
0
0.00033538
0.00125033
0.0304366
0.113774
0.194621
0.222926
0.207988
0.213405
0.163981
0.128344
0.133097
0.139912
0.127042
0.126492
0.138893
0
0
0
0
0
0
0.00148489
0.0283841
0.101151
0.134504
0.149237
0.161513
0.176337
0.169555
0.167659
0.154321
0.142955
0.1458
0.149632
0.142902
0
0
0
0
0
0
0.00433508
0.0555096
0.230918
0.396796
0.256347
0.160681
0.133245
0.144159
0.122275
0.111753
0.120228
0.126975
0.127554
0.132667
0
0
0
0
0
0
0.000279261
0.0333363
0.149463
0.282763
0.324718
0.208117
0.127851
0.129201
0.133585
0.111844
0.11327
0.128271
0.141069
0.143736
0
0
0
0
0
0
0
0.00187739
0.0523034
0.196145
0.32844
0.249488
0.126026
0.134118
0.152706
0.109478
0.107416
0.124273
0.153016
0.1667
0
0
0
0
0
0
0.00232517
0.0294797
0.0826706
0.0792845
0.15426
0.188835
0.171387
0.163387
0.149766
0.159947
0.146439
0.149342
0.148207
0.159115
0
0
0
0
0
0
0.000225199
0.0145834
0.0707155
0.115711
0.185124
0.204703
0.170788
0.134119
0.145052
0.155145
0.142712
0.15559
0.159078
0.146872
0
0
0
0
0
0
0
0
0
0
0
0
0
0
0
0
0
0
0
0
0
0
0
0
0
0
0
0.00802463
0.0837353
0.314374
0.349771
0.166117
0.141304
0.168543
0.117993
0.0918728
0.103914
0.130018
0.153715
0.153648
0
0
0
0
0
0
0
0.00481835
0.0705504
0.180038
0.284693
0.247595
0.145821
0.135988
0.129921
0.119631
0.110958
0.13768
0.153526
0.164937
0
0
0
0
0
0
0.000693598
0.0294931
0.235804
0.269274
0.242269
0.23414
0.178994
0.105018
0.104508
0.131952
0.118537
0.130145
0.138575
0.135073
0
0
0
0
0
0
0.0011123
0.0469872
0.130792
0.216316
0.227387
0.213185
0.197707
0.174946
0.117051
0.112596
0.129393
0.138872
0.129996
0.138484
0
0
0
0
0
0
0.000184683
0.00302596
0.045674
0.106046
0.152955
0.211793
0.222163
0.167272
0.170928
0.133147
0.127811
0.141065
0.147246
0.157807
0
0
0
0
0
0
0.000994503
0.0360031
0.245262
0.477394
0.148038
0.127016
0.142895
0.143947
0.130071
0.110618
0.112823
0.129722
0.138178
0.146931
0
0
0
0
0
0
0
0.00582536
0.118133
0.186755
0.186672
0.21934
0.184379
0.161881
0.148217
0.118648
0.138162
0.14559
0.136974
0.142451
0
0
0
0
0
0
0
0.000477556
0.0194128
0.0908764
0.198037
0.322383
0.273464
0.152475
0.133574
0.143051
0.103394
0.109069
0.132758
0.165686
0
0
0
0
0
0
0
0.00673936
0.0596657
0.147974
0.19311
0.212045
0.21223
0.185643
0.168666
0.123917
0.125892
0.142431
0.135424
0.140244
0
0
0
0
0
0
0
0.000511991
0.0151758
0.0860021
0.200885
0.321307
0.270976
0.155651
0.109945
0.124315
0.126826
0.112532
0.137695
0.16916
0
0
0
0
0
0
0.000369868
0.00432866
0.0463179
0.137672
0.180057
0.242258
0.24585
0.183423
0.120535
0.119538
0.130158
0.129396
0.139277
0.160913
0
0
0
0
0
0
0.000653502
0.0124069
0.122824
0.227597
0.258317
0.2471
0.203525
0.125593
0.11787
0.137466
0.123944
0.124882
0.134521
0.1372
0
0
0
0
0
0
0
0.00289939
0.116064
0.313807
0.209247
0.218767
0.158198
0.147801
0.156273
0.127094
0.114591
0.116881
0.136726
0.149145
0
0
0
0
0
0
0.000260376
0.0314882
0.110927
0.177161
0.23326
0.216072
0.21572
0.188288
0.12312
0.112201
0.130006
0.137001
0.130374
0.136601
0
0
0
0
0
0.000264479
0
0.0124627
0.072224
0.151937
0.157257
0.162161
0.172554
0.169864
0.169963
0.153222
0.146679
0.139012
0.14559
0.152658
0
0
0
0
0
0
0.000279261
0.0333363
0.149463
0.282763
0.324718
0.208117
0.127851
0.129201
0.133585
0.111844
0.11327
0.128271
0.141069
0.143736
0
0
0
0
0
0
0.000283494
0.0269849
0.098298
0.224179
0.310022
0.269125
0.155004
0.131609
0.130429
0.116198
0.105198
0.122238
0.137792
0.154092
0
0
0
0
0
0
0
0.000374876
0.0246724
0.118512
0.266455
0.364065
0.187247
0.148722
0.141255
0.121965
0.0984576
0.109282
0.138859
0.165334
0
0
0
0
0
0
0
0.00429603
0.0631396
0.09523
0.115854
0.144563
0.167154
0.181653
0.170292
0.173099
0.148196
0.152375
0.150873
0.160866
0
0
0
0
0
0
0
0.00538979
0.0538147
0.100075
0.14935
0.214824
0.199462
0.152707
0.13888
0.16498
0.135488
0.145604
0.16059
0.151894
0
0
0
0
0
0
0
0
0
0
0
0
0
0
0
0
0
0
0
0
0
0
0
0
0
0
5.02216e-05
0.00215511
0.0555278
0.254388
0.40627
0.218867
0.152432
0.157215
0.10766
0.0784103
0.0966484
0.122171
0.157321
0.162977
0
0
0
0
0
0
0
0.000924708
0.0350538
0.17754
0.302674
0.317235
0.207043
0.148902
0.120946
0.0971162
0.0998094
0.116899
0.146997
0.156466
0
0
0
0
0
0
0
0.00255709
0.0432317
0.142006
0.202094
0.213867
0.208127
0.127602
0.123238
0.162237
0.151995
0.131025
0.150355
0.154117
0
0
0
0
0
0
0
0.00218609
0.0349114
0.126318
0.173972
0.182084
0.204912
0.194402
0.132833
0.124944
0.155842
0.164653
0.141404
0.146225
0
0
0
0
0
0
0
0.00120899
0.0575319
0.135092
0.185364
0.258737
0.269181
0.186386
0.151059
0.118236
0.105652
0.124685
0.138
0.144033
0
0
0
0
0
0
0.000202243
0.00783709
0.124554
0.426896
0.153044
0.119433
0.155102
0.147551
0.112277
0.102956
0.112794
0.141533
0.166213
0.172001
0
0
0
0
0
0
0
0.00266461
0.0529022
0.130061
0.178793
0.210484
0.186585
0.141554
0.179083
0.119276
0.139566
0.158173
0.14243
0.15688
0
0
0
0
0
0
0
0
0.0178686
0.13161
0.236618
0.339787
0.31502
0.179261
0.132645
0.116802
0.0862801
0.0968931
0.124612
0.14775
0
0
0
0
0
0
0
0.00109641
0.0185705
0.0857387
0.16837
0.205692
0.187321
0.178431
0.183721
0.128472
0.134102
0.153582
0.154411
0.152237
0
0
0
0
0
0
4.27982e-05
0.000100176
0.00597898
0.0919948
0.258855
0.387869
0.301345
0.177079
0.105453
0.0984684
0.104447
0.101168
0.123688
0.155085
0
0
0
0
0
0
0
0.000341921
0.0255094
0.152626
0.249828
0.276221
0.255906
0.175996
0.119798
0.111664
0.114466
0.114802
0.134529
0.157054
0
0
0
0
0
0
0
0.00221511
0.0454008
0.143452
0.215065
0.230101
0.21277
0.148952
0.109021
0.153826
0.150419
0.126626
0.141412
0.155573
0
0
0
0
0
0
0
0.000518781
0.0476167
0.260026
0.213379
0.252837
0.196784
0.139327
0.156832
0.113029
0.105466
0.117341
0.13873
0.167329
0
0
0
0
0
0
0
0.002156
0.0385048
0.11457
0.201194
0.203369
0.208986
0.188265
0.132078
0.126048
0.144045
0.144822
0.139529
0.158691
0
0
0
0
0
0
0
0.00271271
0.0430587
0.131768
0.158382
0.153042
0.149985
0.151876
0.16014
0.159654
0.151954
0.141022
0.163513
0.171362
0
0
0
0
0
0
0
0.00187739
0.0523034
0.196145
0.32844
0.249488
0.126026
0.134118
0.152706
0.109478
0.107416
0.124273
0.153016
0.1667
0
0
0
0
0
0
0
0.000374876
0.0246724
0.118512
0.266455
0.364065
0.187247
0.148722
0.141255
0.121965
0.0984576
0.109282
0.138859
0.165334
0
0
0
0
0
0
0
0.00015203
0.0249533
0.146479
0.284576
0.39019
0.252402
0.17006
0.126728
0.0972045
0.0789346
0.0984465
0.128689
0.155945
0
0
0
0
0
0
0
0.0151771
0.0913186
0.123747
0.144267
0.164211
0.192451
0.210189
0.17929
0.151542
0.135624
0.131959
0.136215
0.146571
0
0
0
0
0
0
0
0.00312007
0.0628157
0.129793
0.174619
0.226174
0.229814
0.170179
0.124818
0.150569
0.126958
0.136606
0.147705
0.147774
0
0
0
0
0
0
0
0
0
0
0
0
0
0
0
0
0
0
0
0
0
0
0
0
0
0
0.00227815
0.0394002
0.0996359
0.103773
0.138463
0.156828
0.191555
0.162052
0.155957
0.149374
0.145356
0.157326
0.152172
0.149517
0
0
0
0
0
0
0
0.0556589
0.159859
0.150361
0.138369
0.184257
0.197791
0.178386
0.14587
0.132127
0.131283
0.148355
0.143027
0.138991
0
0
0
0
0
0
0.00067755
0.0105727
0.0409318
0.0437377
0.118481
0.186911
0.178237
0.144784
0.140449
0.151719
0.166498
0.184334
0.162003
0.158772
0
0
0
0
0
0
0.000652847
0.0310711
0.0636784
0.0880247
0.120758
0.192644
0.176658
0.155862
0.130156
0.127522
0.140374
0.16797
0.173243
0.173292
0
0
0
0
0
0
0
0.0105656
0.0402845
0.154773
0.172003
0.230117
0.229276
0.205986
0.170389
0.140227
0.124485
0.117512
0.126811
0.14068
0
0
0
0
0
0
0.0197888
0.101364
0.116407
0.1122
0.137033
0.1558
0.147413
0.154243
0.174061
0.128506
0.139325
0.160072
0.160672
0.151582
0
0
0
0
0
0
0
0.0685909
0.137515
0.164758
0.145673
0.193105
0.156754
0.151183
0.143168
0.137883
0.139033
0.147238
0.140933
0.1604
0
0
0
0
0
0
0
0.00874358
0.0729745
0.135197
0.139578
0.190233
0.204633
0.204587
0.185438
0.158698
0.128271
0.129097
0.131375
0.140836
0
0
0
0
0
0
0
0.0577981
0.275819
0.186397
0.129029
0.12995
0.131165
0.118861
0.119243
0.118608
0.147445
0.163086
0.16078
0.17357
0
0
0
0
0
0
0
0.0130365
0.10909
0.138708
0.159672
0.182948
0.200087
0.184659
0.183566
0.15212
0.12665
0.126533
0.136475
0.143148
0
0
0
0
0
0
0
0.0102937
0.129517
0.172393
0.15535
0.191424
0.218699
0.194535
0.156132
0.134286
0.117769
0.131733
0.143327
0.137359
0
0
0
0
0
0
0
0.0491235
0.117211
0.0874048
0.116799
0.16115
0.170165
0.147323
0.15601
0.15421
0.150528
0.168414
0.154055
0.154335
0
0
0
0
0
0
0.00139328
0.0788121
0.222701
0.238994
0.17324
0.169336
0.175044
0.1607
0.14138
0.132093
0.12078
0.123747
0.13948
0.140702
0
0
0
0
0
0
0.00282921
0.0529776
0.16795
0.145321
0.138807
0.148205
0.173629
0.14313
0.144387
0.134816
0.139203
0.142481
0.157618
0.168655
0
0
0
0
0
0
0.0053496
0.128793
0.23565
0.195741
0.165872
0.156964
0.143707
0.136455
0.116615
0.109774
0.124778
0.144469
0.153403
0.17299
0
0
0
0
0
0
0.00232517
0.0294797
0.0826706
0.0792845
0.15426
0.188835
0.171387
0.163387
0.149766
0.159947
0.146439
0.149342
0.148207
0.159115
0
0
0
0
0
0
0
0.00429603
0.0631396
0.09523
0.115854
0.144563
0.167154
0.181653
0.170292
0.173099
0.148196
0.152375
0.150873
0.160866
0
0
0
0
0
0
0
0.0151771
0.0913186
0.123747
0.144267
0.164211
0.192451
0.210189
0.17929
0.151542
0.135624
0.131959
0.136215
0.146571
0
0
0
0
0
0
0
0.0105717
0.0170533
0.0705378
0.229199
0.200424
0.23082
0.19023
0.167969
0.172004
0.132682
0.135545
0.121317
0.135033
0
0
0
0
0
0
0
0.0148228
0.0405444
0.140614
0.177468
0.17588
0.210798
0.20553
0.172913
0.151901
0.129076
0.131437
0.139181
0.137649
0
0
0
0
0
0
0
0
0
0
0
0
0
0
0
0
0
0
0
0
0
0
0
0
0
0
0.000895906
0.0354161
0.103454
0.144505
0.196683
0.200835
0.141857
0.113568
0.167622
0.119433
0.157667
0.15864
0.153708
0.149903
0
0
0
0
0
0
0
0.0244788
0.110196
0.119649
0.164776
0.18918
0.187398
0.171674
0.145279
0.145192
0.135375
0.137248
0.152432
0.152956
0
0
0
0
0
0
0
0.00645987
0.0363088
0.068425
0.176658
0.236554
0.207751
0.143587
0.132199
0.132326
0.133189
0.169472
0.159736
0.156773
0
0
0
0
0
0
0
0.016412
0.0607707
0.120208
0.186732
0.227191
0.182536
0.133411
0.114618
0.122142
0.14335
0.149105
0.167386
0.171031
0
0
0
0
0
0
0
0.00948632
0.0431975
0.157185
0.20155
0.232636
0.236332
0.187769
0.150594
0.131054
0.119269
0.119403
0.130505
0.151778
0
0
0
0
0
0
0.0173802
0.0925976
0.127079
0.163551
0.19716
0.159444
0.119568
0.164364
0.15912
0.130693
0.144582
0.153916
0.151732
0.13753
0
0
0
0
0
0
0.000535254
0.0288154
0.121258
0.181677
0.184844
0.205751
0.192182
0.158001
0.134621
0.128303
0.117848
0.130909
0.14861
0.161909
0
0
0
0
0
0
0
0.00244218
0.0634955
0.133523
0.168268
0.207822
0.229152
0.196991
0.139633
0.135145
0.135586
0.129588
0.143881
0.146566
0
0
0
0
0
0
0.000597001
0.0426198
0.24025
0.23791
0.190561
0.165365
0.131134
0.116568
0.100177
0.117296
0.141658
0.140429
0.16158
0.169714
0
0
0
0
0
0
0
0.0038735
0.0701799
0.149146
0.192698
0.235196
0.217622
0.186671
0.135376
0.115604
0.115978
0.137004
0.145259
0.15435
0
0
0
0
0
0
0
0.00773886
0.111312
0.193349
0.18594
0.212652
0.200018
0.167106
0.127044
0.116838
0.122007
0.141778
0.152995
0.149458
0
0
0
0
0
0
0.00135345
0.0237597
0.0875131
0.103927
0.166652
0.201602
0.174584
0.150259
0.136127
0.130793
0.131557
0.165952
0.162845
0.159954
0
0
0
0
0
0
0.000279267
0.0348622
0.193489
0.233048
0.196687
0.179127
0.167788
0.163103
0.133052
0.117404
0.132185
0.130336
0.144643
0.144722
0
0
0
0
0
0
0
0.0336726
0.102106
0.167642
0.176857
0.180943
0.160689
0.132058
0.1241
0.12624
0.139531
0.157361
0.167305
0.164386
0
0
0
0
0
0
0.000598699
0.0688995
0.178016
0.207731
0.196232
0.179711
0.143275
0.122762
0.118825
0.116055
0.139531
0.145642
0.158261
0.161587
0
0
0
0
0
0
0.000225199
0.0145834
0.0707155
0.115711
0.185124
0.204703
0.170788
0.134119
0.145052
0.155145
0.142712
0.15559
0.159078
0.146872
0
0
0
0
0
0
0
0.00538979
0.0538147
0.100075
0.14935
0.214824
0.199462
0.152707
0.13888
0.16498
0.135488
0.145604
0.16059
0.151894
0
0
0
0
0
0
0
0.00312007
0.0628157
0.129793
0.174619
0.226174
0.229814
0.170179
0.124818
0.150569
0.126958
0.136606
0.147705
0.147774
0
0
0
0
0
0
0
0.0148228
0.0405444
0.140614
0.177468
0.17588
0.210798
0.20553
0.172913
0.151901
0.129076
0.131437
0.139181
0.137649
0
0
0
0
0
0
0
0.0138322
0.0467712
0.166128
0.223793
0.20789
0.181385
0.160828
0.148491
0.141614
0.14788
0.133873
0.1335
0.148059
0
0
0
0
0
0
0
0
0
0
0
0
0
0
0
0
0
0
0
0
0
0
0
0
0
0
0
0
0
0
0
0
0
0
0
0
0
0
0
0
0
0
0
0
0
0
0
0
0
0
0
0
0
0
0
0
0
0
0
0
0
0
0
0
0
0
0
0
0
0
0
0
0
0
0
0
0
0
0
0
0
0
0
0
0
0
0
0
0
0
0
0
0
0
0
0
0
0
0
0
0
0
0
0
0
0
0
0
0
0
0
0
0
0
0
0
0
0
0
0
0
0
0
0
0
0
0
0
0
0
0
0
0
0
0
0
0
0
0
0
0
0
0
0
0
0
0
0
0
0
0
0
0
0
0
0
0
0
0
0
0
0
0
0
0
0
0
0
0
0
0
0
0
0
0
0
0
0
0
0
0
0
0
0
0
0
0
0
0
0
0
0
0
0
0
0
0
0
0
0
0
0
0
0
0
0
0
0
0
0
0
0
0
0
0
0
0
0
0
0
0
0
0
0
0
0
0
0
0
0
0
0
0
0
0
0
0
0
0
0
0
0
0
0
0
0
0
0
0
0
0
0
0
0
0
0
0
0
0
0
0
0
0
0
0
0
0
0
0
0
0
0
0
0
0
0
0
0
0
0
0
0
0
0
0
0
0
0
0
0
0
0
0
0
0
0
0
0
0
0
0
0
0
0
0
0
0
0
0
0
0
0
0
0
0
0
0
0
0
0
0
0
0
0
0
0
0
0
0
0
0
0
0
0
0
0
0
0
0
0
0
0
0
0
0
0
0
0
0
0
0
0
0
0
0
0
0
0
0
0
0
0
0
0
0
0
0
0
0
0
0
0
0
0
0
0
0
0
0
0
0
0
0
0
0
0
0
0
0
0
0
0
0
0
0
0
0
0
0
0
0
0
0
0
0
0
0
0
0
0
0
0
0
0
0
0
0
0
0
0
0
0
0
0
0
0
0
0
0
0
0
0
0
0
0
0
0
0
0
0
