-3.329256
-2.54318166667
-1.84958666667
-1.248471
-0.739834666667
-0.323677666667
4.4408920985e-15
0.231198333333
0.369917333333
0.416157
0.231147
0.13995
0.298852
0.0917929
0.0766688
0.086206
0.10917
0.134182
0.153955
0.128782
-6.693533
-5.21574
-3.911805
-2.781728
-1.825509
-1.043148
-0.434645
0.0
0.260787
0.347716
0.302451
0.182671
0.141699
0.16717
0.103812
0.0971701
0.10891
0.130767
0.151527
0.147562
-2.099752
-1.60397722222
-1.16652888889
-0.787407
-0.466611555556
-0.204142555556
2.22044604925e-15
0.145816111111
0.233305777778
0.262469
0.225785
0.22627
0.125689
0.124543
0.16908
0.135392
0.113205
0.134018
0.141574
0.141989
-0.86946816
-0.679272
-0.50718976
-0.35322144
-0.21736704
-0.09962656
2.22044604925e-16
0.08151264
0.14491136
0.19019616
0.21736704
0.226424
0.220555
0.149687
0.158899
0.160819
0.147709
0.112718
0.128428
0.141879
-0.88778496
-0.693582
-0.51787456
-0.36066264
-0.22194624
-0.10172536
2.22044604925e-16
0.08322984
0.14796416
0.19420296
0.22194624
0.231194
0.174329
0.166705
0.119759
0.120258
0.139799
0.139008
0.149548
0.151255
-7.92729
-5.9454675
-4.227888
-2.7745515
-1.585458
-0.6606075
1.15463194561e-14
0.3963645
0.528486
0.154357
0.118154
0.188152
0.174405
0.120386
0.103476
0.106954
0.12145
0.141478
0.14394
0.15012
-1.06888425
-0.8271128125
-0.610791
-0.4199188125
-0.25449625
-0.1145233125
8.881784197e-16
0.0890736875
0.15269775
0.1908721875
0.203597
0.17525
0.149205
0.201119
0.114561
0.150811
0.15278
0.13272
0.148815
0.143821
-4.07841777778
-3.22688
-2.46497777778
-1.79271111111
-1.21008
-0.717084444444
-0.313724444444
8.881784197e-16
0.224088888889
0.358542222222
0.40336
0.254867
0.169373
0.142591
0.126956
0.0899759
0.0928337
0.118001
0.150747
0.166489
-1.4929621875
-1.19436975
-0.9242146875
-0.682497
-0.4692166875
-0.28437375
-0.1279681875
1.33226762955e-15
0.0995308125
0.17062425
0.2132803125
0.227499
0.189106
0.20613
0.146913
0.14711
0.153664
0.136558
0.129584
0.136381
-2.21781
-1.774248
-1.37293
-1.013856
-0.697026
-0.42244
-0.190098
1.7763568394e-15
0.147854
0.253464
0.31683
0.337952
0.172754
0.10324
0.133064
0.110991
0.0912687
0.115853
0.154063
0.162369
-1.7317978125
-1.38543825
-1.0720653125
-0.791679
-0.5442793125
-0.32986625
-0.1484398125
1.55431223448e-15
0.1154531875
0.19791975
0.2473996875
0.263893
0.190781
0.129894
0.126808
0.121423
0.120397
0.120569
0.148448
0.158056
-1.961112
-1.49807166667
-1.08950666667
-0.735417
-0.435802666667
-0.190663666667
2.6645352591e-15
0.136188333333
0.217901333333
0.245139
0.22256
0.240963
0.155139
0.124313
0.16415
0.122523
0.117018
0.13242
0.140367
0.144367
-3.480915
-2.61068625
-1.856488
-1.21832025
-0.696183
-0.29007625
5.3290705182e-15
0.17404575
0.232061
0.213926
0.222581
0.168092
0.135819
0.161266
0.133161
0.110298
0.113758
0.131412
0.15147
0.163875
-0.90645888
-0.708171
-0.52876768
-0.36824892
-0.22661472
-0.10386508
0.0
0.08498052
0.15107648
0.19828788
0.22661472
0.236057
0.213205
0.144134
0.159232
0.145083
0.145776
0.113672
0.130005
0.145652
-0.525384
-0.413496666667
-0.311338666667
-0.21891
-0.136210666667
-0.0632406666667
0.0
0.0535113333333
0.0972933333333
0.131346
0.155669333333
0.170263333333
0.175128
0.169795
0.162351
0.160938
0.144534
0.154091
0.162929
0.143835
-3.250192
-2.48278555556
-1.80566222222
-1.218822
-0.722264888889
-0.315990888889
4.4408920985e-15
0.225707777778
0.361132444444
0.406274
0.227089
0.141226
0.165156
0.173228
0.0962979
0.0961372
0.114476
0.134511
0.147172
0.146877
-3.53657344444
-2.798168
-2.13748944444
-1.55453777778
-1.049313
-0.621815111111
-0.272044111111
1.33226762955e-15
0.194317222222
0.310907555556
0.349771
0.166117
0.141304
0.168543
0.117993
0.0918728
0.103914
0.130018
0.153715
0.153648
-4.10784111111
-3.25016
-2.48276111111
-1.80564444444
-1.21881
-0.722257777778
-0.315987777778
8.881784197e-16
0.225705555556
0.361128888889
0.40627
0.218867
0.152432
0.157215
0.10766
0.0784103
0.0966484
0.122171
0.157321
0.162977
-0.574665
-0.452282638889
-0.340542222222
-0.23944375
-0.148987222222
-0.0691726388889
0.0
0.0585306944444
0.106419444444
0.14366625
0.170271111111
0.186234027778
0.191555
0.162052
0.155957
0.149374
0.145356
0.157326
0.152172
0.149517
-0.7712064
-0.602505
-0.4498704
-0.3133026
-0.1928016
-0.0883674
1.11022302463e-16
0.0723006
0.1285344
0.1687014
0.1928016
0.200835
0.141857
0.113568
0.167622
0.119433
0.157667
0.15864
0.153708
0.149903
0.0
0.0
0.0
0.0
0.0
0.0
0.0
0.0
0.0
0.0
0.0
0.0
0.0
0.0
0.0
0.0
0.0
0.0
0.0
0.0
-6.693533
-5.21574
-3.911805
-2.781728
-1.825509
-1.043148
-0.434645
0.0
0.260787
0.347716
0.302451
0.182671
0.141699
0.16717
0.103812
0.0971701
0.10891
0.130767
0.151527
0.147562
-25.23458
-17.303712
-10.81482
-5.767904
-2.162964
2.84217094304e-14
0.720988
0.701357
0.223219
0.294134
0.304592
0.175481
0.110527
0.0795273
0.108089
0.0779619
0.0855123
0.0833934
0.0762587
0.0879636
-0.94673664
-0.739638
-0.55226304
-0.38461176
-0.23668416
-0.10848024
0.0
0.08875656
0.15778944
0.20709864
0.23668416
0.246546
0.169175
0.115272
0.109519
0.161191
0.138655
0.136681
0.1532
0.15325
-0.9296994
-0.7500096
-0.585945
-0.4375056
-0.3046914
-0.1875024
-0.0859386
6.66133814775e-16
0.0703134
0.1250016
0.1640646
0.1875024
0.195315
0.161037
0.136235
0.142791
0.158308
0.159461
0.144026
0.157964
-0.9562944
-0.747105
-0.5578384
-0.3884946
-0.2390736
-0.1095754
2.22044604925e-16
0.0896526
0.1593824
0.2091894
0.2390736
0.249035
0.226363
0.170407
0.135683
0.117655
0.118141
0.135353
0.138136
0.149853
-2.691888
-2.05630333333
-1.49549333333
-1.009458
-0.598197333333
-0.261711333333
3.10862446895e-15
0.186936666667
0.299098666667
0.336486
0.164427
0.139769
0.134119
0.131199
0.140513
0.118328
0.121651
0.138866
0.146785
0.142578
-0.88141056
-0.688602
-0.51415616
-0.35807304
-0.22035264
-0.10099496
1.11022302463e-16
0.08263224
0.14690176
0.19280856
0.22035264
0.229534
0.195889
0.151398
0.151131
0.11516
0.161534
0.124899
0.12586
0.143167
-2.023284375
-1.6186275
-1.252509375
-0.92493
-0.635889375
-0.3853875
-0.173424375
1.7763568394e-15
0.134885625
0.2312325
0.289040625
0.30831
0.231106
0.156523
0.114974
0.108178
0.102662
0.117015
0.143338
0.162338
-0.88645004
-0.71511936
-0.558687
-0.41715296
-0.29051724
-0.17877984
-0.08194076
6.66133814775e-16
0.06704244
0.11918656
0.15643236
0.17877984
0.186229
0.168679
0.173094
0.136027
0.144247
0.166171
0.148108
0.162022
-2.1360675
-1.708854
-1.3223275
-0.976488
-0.6713355
-0.40687
-0.1830915
1.7763568394e-15
0.1424045
0.244122
0.3051525
0.325496
0.220561
0.140634
0.100735
0.112723
0.114118
0.118272
0.149515
0.160374
-2.27729522222
-1.801816
-1.37638722222
-1.00100888889
-0.675681
-0.400403555556
-0.175176555556
8.881784197e-16
0.125126111111
0.200201777778
0.225227
0.205834
0.186509
0.150962
0.108843
0.119897
0.143609
0.133932
0.150378
0.173839
-1.504505625
-1.2036045
-0.931360625
-0.687774
-0.472844625
-0.2865725
-0.128957625
1.33226762955e-15
0.100300375
0.1719435
0.214929375
0.229258
0.193162
0.151921
0.122785
0.142566
0.1214
0.133895
0.155685
0.149374
-5.09714975
-3.971805
-2.97885375
-2.118296
-1.39013175
-0.794361
-0.33098375
8.881784197e-16
0.19859025
0.264787
0.234102
0.219278
0.13857
0.149681
0.13836
0.124263
0.112404
0.122732
0.14461
0.157491
-1.92397255556
-1.522264
-1.16284055556
-0.845702222222
-0.570849
-0.338280888889
-0.147997888889
8.881784197e-16
0.105712777778
0.169140444444
0.190283
0.176244
0.228616
0.155119
0.130929
0.136934
0.131673
0.154644
0.140117
0.148064
-0.77896875
-0.6027734375
-0.445125
-0.3060234375
-0.18546875
-0.0834609375
3.33066907388e-16
0.0649140625
0.11128125
0.1391015625
0.148375
0.137919
0.147667
0.179275
0.162076
0.15233
0.150592
0.155559
0.160915
0.162681
-1.56684675
-1.2124409375
-0.895341
-0.6155469375
-0.37305875
-0.1678764375
6.66133814775e-16
0.1305705625
0.22383525
0.2797940625
0.298447
0.202458
0.125834
0.142734
0.14048
0.121055
0.120238
0.14083
0.142712
0.143267
-2.87856255556
-2.277544
-1.73979055556
-1.26530222222
-0.854079
-0.506120888889
-0.221427888889
8.881784197e-16
0.158162777778
0.253060444444
0.284693
0.247595
0.145821
0.135988
0.129921
0.119631
0.110958
0.13768
0.153526
0.164937
-2.0818546875
-1.66548375
-1.2887671875
-0.951705
-0.6542971875
-0.39654375
-0.1784446875
1.7763568394e-15
0.1387903125
0.23792625
0.2974078125
0.317235
0.207043
0.148902
0.120946
0.0971162
0.0998094
0.116899
0.146997
0.156466
-2.397885
-1.79841375
-1.278872
-0.83925975
-0.479577
-0.19982375
3.10862446895e-15
0.11989425
0.159859
0.150361
0.138369
0.184257
0.197791
0.178386
0.14587
0.132127
0.131283
0.148355
0.143027
0.138991
-0.7264512
-0.56754
-0.4237632
-0.2951208
-0.1816128
-0.0832392
2.22044604925e-16
0.0681048
0.1210752
0.1589112
0.1816128
0.18918
0.187398
0.171674
0.145279
0.145192
0.135375
0.137248
0.152432
0.152956
0.0
0.0
0.0
0.0
0.0
0.0
0.0
0.0
0.0
0.0
0.0
0.0
0.0
0.0
0.0
0.0
0.0
0.0
0.0
0.0
-2.099752
-1.60397722222
-1.16652888889
-0.787407
-0.466611555556
-0.204142555556
2.22044604925e-15
0.145816111111
0.233305777778
0.262469
0.225785
0.22627
0.125689
0.124543
0.16908
0.135392
0.113205
0.134018
0.141574
0.141989
-0.94673664
-0.739638
-0.55226304
-0.38461176
-0.23668416
-0.10848024
0.0
0.08875656
0.15778944
0.20709864
0.23668416
0.246546
0.169175
0.115272
0.109519
0.161191
0.138655
0.136681
0.1532
0.15325
-0.98745984
-0.771453
-0.57601824
-0.40115556
-0.24686496
-0.11314644
1.11022302463e-16
0.09257436
0.16457664
0.21600684
0.24686496
0.257151
0.211885
0.117349
0.118874
0.125476
0.136206
0.146238
0.149139
0.130662
-0.594303
-0.467738472222
-0.352179555556
-0.24762625
-0.154078555556
-0.0715364722222
0.0
0.0605308611111
0.110056111111
0.14857575
0.176089777778
0.192598194444
0.198101
0.176508
0.149215
0.138113
0.134401
0.150651
0.147752
0.144154
-1.0712690625
-0.85701525
-0.6631665625
-0.489723
-0.3366845625
-0.20405125
-0.0918230625
8.881784197e-16
0.0714179375
0.12243075
0.1530384375
0.163241
0.160707
0.160528
0.142415
0.125544
0.170563
0.170348
0.175304
0.167212
-2.93964
-2.24555833333
-1.63313333333
-1.102365
-0.653253333333
-0.285798333333
3.5527136788e-15
0.204141666667
0.326626666667
0.367455
0.203945
0.16903
0.118672
0.131711
0.144445
0.139467
0.126036
0.126124
0.124682
0.130942
-0.99731712
-0.779154
-0.58176832
-0.40516008
-0.24932928
-0.11427592
2.22044604925e-16
0.09349848
0.16621952
0.21816312
0.24932928
0.259718
0.191915
0.147175
0.115255
0.115085
0.13665
0.130407
0.135412
0.127647
-1.02290496
-0.82520064
-0.644688
-0.48136704
-0.33523776
-0.20630016
-0.09455424
6.66133814775e-16
0.07736256
0.13753344
0.18051264
0.20630016
0.214896
0.178471
0.118118
0.128579
0.172309
0.138891
0.149407
0.157684
-2.292952
-1.75156055556
-1.27386222222
-0.859857
-0.509544888889
-0.222925888889
2.6645352591e-15
0.159232777778
0.254772444444
0.286619
0.242182
0.22114
0.196328
0.172636
0.144371
0.122007
0.116112
0.110529
0.116229
0.111651
-1.07789724
-0.86956416
-0.679347
-0.50724576
-0.35326044
-0.21739104
-0.09963756
6.66133814775e-16
0.08152164
0.14492736
0.19021716
0.21739104
0.226449
0.144797
0.133266
0.11575
0.169128
0.163321
0.153072
0.166367
-0.594528
-0.467915555556
-0.352312888889
-0.24772
-0.154136888889
-0.0715635555556
0.0
0.0605537777778
0.110097777778
0.148632
0.176156444444
0.192671111111
0.198176
0.185179
0.146211
0.124281
0.15533
0.161803
0.16377
0.157832
-1.418193
-1.09741125
-0.810396
-0.55714725
-0.337665
-0.15194925
4.4408920985e-16
0.11818275
0.202599
0.25324875
0.270132
0.245036
0.201795
0.135977
0.123816
0.113655
0.12303
0.131218
0.13096
0.125392
-2.2322
-1.70515277778
-1.24011111111
-0.837075
-0.496044444444
-0.217019444444
2.6645352591e-15
0.155013888889
0.248022222222
0.279025
0.252264
0.148725
0.126192
0.135023
0.132994
0.146042
0.147547
0.139561
0.136399
0.13807
-1.832848
-1.40009222222
-1.01824888889
-0.687318
-0.407299555556
-0.178193555556
2.22044604925e-15
0.127281111111
0.203649777778
0.229106
0.211397
0.194199
0.184802
0.163284
0.143305
0.135987
0.133042
0.141712
0.141689
0.131672
-4.33491
-3.2511825
-2.311952
-1.5172185
-0.866982
-0.3612425
6.2172489379e-15
0.2167455
0.288994
0.287719
0.20213
0.179378
0.208048
0.161225
0.136903
0.127863
0.11779
0.121057
0.112908
0.118839
-5.368035
-4.02602625
-2.862952
-1.87881225
-1.073607
-0.44733625
6.2172489379e-15
0.26840175
0.357869
0.292673
0.255126
0.20654
0.15059
0.0983518
0.118088
0.118312
0.118198
0.12594
0.128123
0.126183
-2.154192
-1.64556333333
-1.19677333333
-0.807822
-0.478709333333
-0.209435333333
2.6645352591e-15
0.149596666667
0.239354666667
0.269274
0.242269
0.23414
0.178994
0.105018
0.104508
0.131952
0.118537
0.130145
0.138575
0.135073
-1.4035021875
-1.12280175
-0.8688346875
-0.641601
-0.4411006875
-0.26733375
-0.1203001875
1.33226762955e-15
0.0935668125
0.16040025
0.2005003125
0.213867
0.208127
0.127602
0.123238
0.162237
0.151995
0.131025
0.150355
0.154117
-0.71773824
-0.560733
-0.41868064
-0.29158116
-0.17943456
-0.08224084
0.0
0.06728796
0.11962304
0.15700524
0.17943456
0.186911
0.178237
0.144784
0.140449
0.151719
0.166498
0.184334
0.162003
0.158772
-1.552385625
-1.2419085
-0.961000625
-0.709662
-0.487892625
-0.2956925
-0.133061625
1.33226762955e-15
0.103492375
0.1774155
0.221769375
0.236554
0.207751
0.143587
0.132199
0.132326
0.133189
0.169472
0.159736
0.156773
0.0
0.0
0.0
0.0
0.0
0.0
0.0
0.0
0.0
0.0
0.0
0.0
0.0
0.0
0.0
0.0
0.0
0.0
0.0
0.0
-0.86946816
-0.679272
-0.50718976
-0.35322144
-0.21736704
-0.09962656
2.22044604925e-16
0.08151264
0.14491136
0.19019616
0.21736704
0.226424
0.220555
0.149687
0.158899
0.160819
0.147709
0.112718
0.128428
0.141879
-0.9296994
-0.7500096
-0.585945
-0.4375056
-0.3046914
-0.1875024
-0.0859386
6.66133814775e-16
0.0703134
0.1250016
0.1640646
0.1875024
0.195315
0.161037
0.136235
0.142791
0.158308
0.159461
0.144026
0.157964
-0.594303
-0.467738472222
-0.352179555556
-0.24762625
-0.154078555556
-0.0715364722222
0.0
0.0605308611111
0.110056111111
0.14857575
0.176089777778
0.192598194444
0.198101
0.176508
0.149215
0.138113
0.134401
0.150651
0.147752
0.144154
-0.707973777778
-0.574896
-0.452464444444
-0.340679111111
-0.23954
-0.149047111111
-0.0692004444444
1.11022302463e-16
0.0585542222222
0.106462222222
0.143724
0.170339555556
0.186308888889
0.191632
0.169481
0.163979
0.144739
0.138916
0.159088
0.151356
-0.6021312
-0.470415
-0.3512432
-0.2446158
-0.1505328
-0.0689942
1.11022302463e-16
0.0564498
0.1003552
0.1317162
0.1505328
0.156805
0.144346
0.119947
0.117352
0.133598
0.151063
0.166953
0.194688
0.1925
-0.8227008
-0.642735
-0.4799088
-0.3342222
-0.2056752
-0.0942678
0.0
0.0771282
0.1371168
0.1799658
0.2056752
0.214245
0.165429
0.121252
0.145853
0.147466
0.153155
0.129766
0.132896
0.137742
-1.4755755
-1.141814375
-0.843186
-0.579690375
-0.3513275
-0.158097375
6.66133814775e-16
0.122964625
0.2107965
0.263495625
0.281062
0.240139
0.174872
0.131444
0.122311
0.131555
0.13864
0.138482
0.136949
0.138966
-0.741282888889
-0.601944
-0.473752222222
-0.356707555556
-0.25081
-0.156059555556
-0.0724562222222
2.22044604925e-16
0.0613091111111
0.111471111111
0.150486
0.178353777778
0.195074444444
0.200648
0.158617
0.114357
0.143094
0.170142
0.158202
0.147501
-2.57192
-1.96466111111
-1.42884444444
-0.96447
-0.571537777778
-0.250047777778
3.10862446895e-15
0.178605555556
0.285768888889
0.32149
0.262267
0.200413
0.18556
0.174608
0.152733
0.139907
0.129089
0.112643
0.106983
0.107854
-1.146035625
-0.9168285
-0.709450625
-0.523902
-0.360182625
-0.2182925
-0.098231625
1.11022302463e-15
0.076402375
0.1309755
0.163719375
0.174634
0.155678
0.180949
0.158944
0.131402
0.128677
0.164631
0.17777
0.154737
-1.49154055556
-1.18012
-0.901480555556
-0.655622222222
-0.442545
-0.262248888889
-0.114733888889
6.66133814775e-16
0.0819527777778
0.131124444444
0.147515
0.13747
0.16085
0.175813
0.158728
0.145312
0.143375
0.156081
0.161589
0.163903
-1.24958925
-0.9669440625
-0.714051
-0.4909100625
-0.29752125
-0.1338845625
6.66133814775e-16
0.1041324375
0.17851275
0.2231409375
0.238017
0.219153
0.177835
0.162734
0.146193
0.13423
0.123045
0.135128
0.134849
0.126457
-2.50379422222
-1.981024
-1.51328222222
-1.10056888889
-0.742884
-0.440227555556
-0.192599555556
8.881784197e-16
0.137571111111
0.220113777778
0.247628
0.195782
0.123674
0.129565
0.138345
0.147231
0.148437
0.139773
0.144786
0.138466
-2.11695322222
-1.674952
-1.27947722222
-0.930528888889
-0.628107
-0.372211555556
-0.162842555556
1.33226762955e-15
0.116316111111
0.186105777778
0.209369
0.184257
0.185513
0.181932
0.165589
0.158388
0.139792
0.131197
0.13277
0.137709
-2.597176
-1.98395388889
-1.44287555556
-0.973941
-0.577150222222
-0.252503222222
3.10862446895e-15
0.180359444444
0.288575111111
0.324647
0.26245
0.197996
0.182755
0.176591
0.143263
0.130829
0.125757
0.11984
0.109484
0.109088
-2.051112
-1.56682166667
-1.13950666667
-0.769167
-0.455802666667
-0.199413666667
2.22044604925e-15
0.142438333333
0.227901333333
0.256389
0.212524
0.20281
0.194086
0.158092
0.119653
0.122597
0.134028
0.128457
0.127843
0.133317
-1.19378175
-0.9237596875
-0.682161
-0.4689856875
-0.28423375
-0.1279051875
8.881784197e-16
0.0994818125
0.17054025
0.2131753125
0.227387
0.213185
0.197707
0.174946
0.117051
0.112596
0.129393
0.138872
0.129996
0.138484
-0.97538112
-0.78686208
-0.614736
-0.45900288
-0.31966272
-0.19671552
-0.09016128
5.55111512313e-16
0.07376832
0.13114368
0.17212608
0.19671552
0.204912
0.194402
0.132833
0.124944
0.155842
0.164653
0.141404
0.146225
-0.73975296
-0.577932
-0.43152256
-0.30052464
-0.18493824
-0.08476336
2.22044604925e-16
0.06935184
0.12329216
0.16182096
0.18493824
0.192644
0.176658
0.155862
0.130156
0.127522
0.140374
0.16797
0.173243
0.173292
-0.87241344
-0.681573
-0.50890784
-0.35441796
-0.21810336
-0.09996404
2.22044604925e-16
0.08178876
0.14540224
0.19084044
0.21810336
0.227191
0.182536
0.133411
0.114618
0.122142
0.14335
0.149105
0.167386
0.171031
0.0
0.0
0.0
0.0
0.0
0.0
0.0
0.0
0.0
0.0
0.0
0.0
0.0
0.0
0.0
0.0
0.0
0.0
0.0
0.0
-0.88778496
-0.693582
-0.51787456
-0.36066264
-0.22194624
-0.10172536
2.22044604925e-16
0.08322984
0.14796416
0.19420296
0.22194624
0.231194
0.174329
0.166705
0.119759
0.120258
0.139799
0.139008
0.149548
0.151255
-0.9562944
-0.747105
-0.5578384
-0.3884946
-0.2390736
-0.1095754
2.22044604925e-16
0.0896526
0.1593824
0.2091894
0.2390736
0.249035
0.226363
0.170407
0.135683
0.117655
0.118141
0.135353
0.138136
0.149853
-1.0712690625
-0.85701525
-0.6631665625
-0.489723
-0.3366845625
-0.20405125
-0.0918230625
8.881784197e-16
0.0714179375
0.12243075
0.1530384375
0.163241
0.160707
0.160528
0.142415
0.125544
0.170563
0.170348
0.175304
0.167212
-0.6021312
-0.470415
-0.3512432
-0.2446158
-0.1505328
-0.0689942
1.11022302463e-16
0.0564498
0.1003552
0.1317162
0.1505328
0.156805
0.144346
0.119947
0.117352
0.133598
0.151063
0.166953
0.194688
0.1925
-1.72381125
-1.379049
-1.06712125
-0.788028
-0.54176925
-0.328345
-0.14775525
1.11022302463e-15
0.11492075
0.197007
0.24625875
0.262676
0.242861
0.214354
0.163865
0.122046
0.0987491
0.106267
0.136472
0.135231
-1.046157
-0.80952625
-0.597804
-0.41099025
-0.249085
-0.11208825
4.4408920985e-16
0.08717975
0.149451
0.18681375
0.199268
0.13268
0.137784
0.184636
0.115521
0.128717
0.143752
0.156107
0.160136
0.153783
-0.531609
-0.418395972222
-0.315027555556
-0.22150375
-0.137824555556
-0.0639899722222
0.0
0.0541453611111
0.0984461111111
0.13290225
0.157513777778
0.172280694444
0.177203
0.156544
0.140639
0.125549
0.111695
0.142876
0.175948
0.172586
-1.21455684
-0.97981056
-0.765477
-0.57155616
-0.39804804
-0.24495264
-0.11226996
1.11022302463e-15
0.09185724
0.16330176
0.21433356
0.24495264
0.255159
0.212577
0.154971
0.135067
0.108509
0.118946
0.131037
0.141291
-1.174344
-0.897068333333
-0.652413333333
-0.440379
-0.260965333333
-0.114172333333
1.55431223448e-15
0.0815516666667
0.130482666667
0.146793
0.137296
0.13303
0.130117
0.122793
0.116714
0.140903
0.146085
0.160141
0.19276
0.190712
-1.7086978125
-1.36695825
-1.0577653125
-0.781119
-0.5370193125
-0.32546625
-0.1464598125
1.55431223448e-15
0.1139131875
0.19527975
0.2440996875
0.260373
0.255349
0.217774
0.15515
0.10975
0.10768
0.111369
0.133768
0.137796
-1.6317853125
-1.30542825
-1.0101528125
-0.745959
-0.5128468125
-0.31081625
-0.1398673125
1.33226762955e-15
0.1087856875
0.18648975
0.2331121875
0.248653
0.223768
0.186774
0.137101
0.117282
0.112435
0.125966
0.14048
0.143956
-0.66401664
-0.518763
-0.38734304
-0.26975676
-0.16600416
-0.07608524
1.11022302463e-16
0.06225156
0.11066944
0.14525364
0.16600416
0.172921
0.167091
0.154385
0.13629
0.121438
0.153152
0.166296
0.169678
0.164655
-1.657648
-1.26625888889
-0.920915555556
-0.621618
-0.368366222222
-0.161160222222
1.99840144433e-15
0.115114444444
0.184183111111
0.207206
0.192942
0.18045
0.186151
0.168325
0.115543
0.130571
0.119163
0.146791
0.151375
0.150639
-0.75063936
-0.586437
-0.43787296
-0.30494724
-0.18765984
-0.08601076
1.11022302463e-16
0.07037244
0.12510656
0.16420236
0.18765984
0.195479
0.16065
0.126904
0.120752
0.130253
0.130569
0.159883
0.178572
0.172809
-0.847434
-0.6557525
-0.484248
-0.3329205
-0.20177
-0.0907965
5.55111512313e-16
0.0706195
0.121062
0.1513275
0.161416
0.156777
0.131429
0.121603
0.119689
0.133867
0.15094
0.15426
0.176925
0.177539
-1.3982784375
-1.11862275
-0.8656009375
-0.639213
-0.4394589375
-0.26633875
-0.1198524375
8.881784197e-16
0.0932185625
0.15980325
0.1997540625
0.213071
0.175262
0.148543
0.162274
0.133384
0.140446
0.149486
0.154682
0.156874
-1.05749588
-0.85310592
-0.666489
-0.49764512
-0.34657428
-0.21327648
-0.09775172
8.881784197e-16
0.07997868
0.14218432
0.18661692
0.21327648
0.222163
0.167272
0.170928
0.133147
0.127811
0.141065
0.147246
0.157807
-1.28130156
-1.03365504
-0.807543
-0.60296544
-0.41992236
-0.25841376
-0.11843964
8.881784197e-16
0.09690516
0.17227584
0.22611204
0.25841376
0.269181
0.186386
0.151059
0.118236
0.105652
0.124685
0.138
0.144033
-0.687828
-0.541346111111
-0.407601777778
-0.286595
-0.178325777778
-0.0827941111111
0.0
0.0700565555556
0.127375555556
0.171957
0.203800888889
0.222907222222
0.229276
0.205986
0.170389
0.140227
0.124485
0.117512
0.126811
0.14068
-1.12494032
-0.90751488
-0.708996
-0.52938368
-0.36867792
-0.22687872
-0.10398608
6.66133814775e-16
0.08507952
0.15125248
0.19851888
0.22687872
0.236332
0.187769
0.150594
0.131054
0.119269
0.119403
0.130505
0.151778
0.0
0.0
0.0
0.0
0.0
0.0
0.0
0.0
0.0
0.0
0.0
0.0
0.0
0.0
0.0
0.0
0.0
0.0
0.0
0.0
-7.92729
-5.9454675
-4.227888
-2.7745515
-1.585458
-0.6606075
1.15463194561e-14
0.3963645
0.528486
0.154357
0.118154
0.188152
0.174405
0.120386
0.103476
0.106954
0.12145
0.141478
0.14394
0.15012
-2.691888
-2.05630333333
-1.49549333333
-1.009458
-0.598197333333
-0.261711333333
3.10862446895e-15
0.186936666667
0.299098666667
0.336486
0.164427
0.139769
0.134119
0.131199
0.140513
0.118328
0.121651
0.138866
0.146785
0.142578
-2.93964
-2.24555833333
-1.63313333333
-1.102365
-0.653253333333
-0.285798333333
3.5527136788e-15
0.204141666667
0.326626666667
0.367455
0.203945
0.16903
0.118672
0.131711
0.144445
0.139467
0.126036
0.126124
0.124682
0.130942
-0.8227008
-0.642735
-0.4799088
-0.3342222
-0.2056752
-0.0942678
0.0
0.0771282
0.1371168
0.1799658
0.2056752
0.214245
0.165429
0.121252
0.145853
0.147466
0.153155
0.129766
0.132896
0.137742
-1.046157
-0.80952625
-0.597804
-0.41099025
-0.249085
-0.11208825
4.4408920985e-16
0.08717975
0.149451
0.18681375
0.199268
0.13268
0.137784
0.184636
0.115521
0.128717
0.143752
0.156107
0.160136
0.153783
-28.40112
-20.70915
-14.20056
-8.87535
-4.73352
-1.77507
1.06581410364e-14
0.59169
0.11591
0.118096
0.212992
0.203185
0.141774
0.120992
0.113105
0.106062
0.121896
0.142195
0.132814
0.133309
-1.772232
-1.35378833333
-0.984573333333
-0.664587
-0.393829333333
-0.172300333333
2.22044604925e-15
0.123071666667
0.196914666667
0.221529
0.171284
0.129394
0.233605
0.135362
0.135171
0.139645
0.138092
0.142734
0.141887
0.141846
-6.14408025
-4.787595
-3.59069625
-2.553384
-1.67565825
-0.957519
-0.39896625
0.0
0.23937975
0.319173
0.278131
0.119951
0.13747
0.140722
0.135197
0.107489
0.112349
0.141953
0.160232
0.174474
-1.177029
-0.91079625
-0.672588
-0.46240425
-0.280245
-0.12611025
4.4408920985e-16
0.09808575
0.168147
0.21018375
0.224196
0.196462
0.195309
0.169079
0.138994
0.14173
0.146605
0.140442
0.125236
0.131129
-2.48053866667
-1.962624
-1.49922666667
-1.09034666667
-0.735984
-0.436138666667
-0.190810666667
8.881784197e-16
0.136293333333
0.218069333333
0.245328
0.209102
0.109843
0.129001
0.126424
0.131196
0.123158
0.144119
0.160055
0.173708
-1.28449125
-0.9939515625
-0.733995
-0.5046215625
-0.30583125
-0.1376240625
6.66133814775e-16
0.1070409375
0.18349875
0.2293734375
0.244665
0.221465
0.134956
0.11998
0.128047
0.133288
0.132083
0.14109
0.152825
0.155941
-2.540632
-1.94076055556
-1.41146222222
-0.952737
-0.564584888889
-0.247005888889
3.10862446895e-15
0.176432777778
0.282292444444
0.317579
0.217426
0.221852
0.131228
0.134998
0.136515
0.125529
0.123968
0.123385
0.127647
0.136494
-12.745488
-9.293585
-6.372744
-3.982965
-2.124248
-0.796593
1.7763568394e-15
0.265531
0.104547
0.241984
0.207533
0.112161
0.154609
0.184031
0.144178
0.108899
0.122102
0.134127
0.144186
0.140564
-0.91502592
-0.714864
-0.53376512
-0.37172928
-0.22875648
-0.10484672
0.0
0.08578368
0.15250432
0.20016192
0.22875648
0.238288
0.163287
0.125743
0.139173
0.141652
0.139968
0.133173
0.134423
0.136419
-0.542484
-0.426955
-0.321472
-0.226035
-0.140644
-0.065299
0.0
0.055253
0.10046
0.135621
0.160736
0.175805
0.180828
0.171439
0.156946
0.139079
0.14598
0.154021
0.149635
0.135582
-6.724305
-5.04322875
-3.586296
-2.35350675
-1.344861
-0.56035875
1.06581410364e-14
0.33621525
0.448287
0.313716
0.119243
0.138513
0.150043
0.141347
0.127502
0.118867
0.118964
0.123755
0.134014
0.139738
-3.819152
-2.91740777778
-2.12175111111
-1.432182
-0.848700444444
-0.371306444444
4.88498130835e-15
0.265218888889
0.424350222222
0.477394
0.148038
0.127016
0.142895
0.143947
0.130071
0.110618
0.112823
0.129722
0.138178
0.146931
-8.217748
-6.40344
-4.80258
-3.415168
-2.241204
-1.280688
-0.53362
1.7763568394e-15
0.320172
0.426896
0.153044
0.119433
0.155102
0.147551
0.112277
0.102956
0.112794
0.141533
0.166213
0.172001
-0.711376111111
-0.517364444444
-0.349221
-0.206945777778
-0.0905387777778
3.5527136788e-15
0.0646705555556
0.103472888889
0.116407
0.1122
0.137033
0.1558
0.147413
0.154243
0.174061
0.128506
0.139325
0.160072
0.160672
0.151582
-0.59148
-0.4416384
-0.3075696
-0.1892736
-0.0867504
5.55111512313e-16
0.0709776
0.1261824
0.1656144
0.1892736
0.19716
0.159444
0.119568
0.164364
0.15912
0.130693
0.144582
0.153916
0.151732
0.13753
0.0
0.0
0.0
0.0
0.0
0.0
0.0
0.0
0.0
0.0
0.0
0.0
0.0
0.0
0.0
0.0
0.0
0.0
0.0
0.0
-1.06888425
-0.8271128125
-0.610791
-0.4199188125
-0.25449625
-0.1145233125
8.881784197e-16
0.0890736875
0.15269775
0.1908721875
0.203597
0.17525
0.149205
0.201119
0.114561
0.150811
0.15278
0.13272
0.148815
0.143821
-0.88141056
-0.688602
-0.51415616
-0.35807304
-0.22035264
-0.10099496
1.11022302463e-16
0.08263224
0.14690176
0.19280856
0.22035264
0.229534
0.195889
0.151398
0.151131
0.11516
0.161534
0.124899
0.12586
0.143167
-0.99731712
-0.779154
-0.58176832
-0.40516008
-0.24932928
-0.11427592
2.22044604925e-16
0.09349848
0.16621952
0.21816312
0.24932928
0.259718
0.191915
0.147175
0.115255
0.115085
0.13665
0.130407
0.135412
0.127647
-1.4755755
-1.141814375
-0.843186
-0.579690375
-0.3513275
-0.158097375
6.66133814775e-16
0.122964625
0.2107965
0.263495625
0.281062
0.240139
0.174872
0.131444
0.122311
0.131555
0.13864
0.138482
0.136949
0.138966
-0.531609
-0.418395972222
-0.315027555556
-0.22150375
-0.137824555556
-0.0639899722222
0.0
0.0541453611111
0.0984461111111
0.13290225
0.157513777778
0.172280694444
0.177203
0.156544
0.140639
0.125549
0.111695
0.142876
0.175948
0.172586
-1.772232
-1.35378833333
-0.984573333333
-0.664587
-0.393829333333
-0.172300333333
2.22044604925e-15
0.123071666667
0.196914666667
0.221529
0.171284
0.129394
0.233605
0.135362
0.135171
0.139645
0.138092
0.142734
0.141887
0.141846
-1.506392
-1.15071611111
-0.836884444444
-0.564897
-0.334753777778
-0.146454777778
1.7763568394e-15
0.104610555556
0.167376888889
0.188299
0.165214
0.247882
0.188886
0.155391
0.145542
0.120957
0.117141
0.135042
0.147396
0.139027
-0.94338916
-0.76105344
-0.594573
-0.44394784
-0.30917796
-0.19026336
-0.08720404
6.66133814775e-16
0.07134876
0.12684224
0.16648044
0.19026336
0.198191
0.161817
0.159593
0.141461
0.125533
0.15538
0.154062
0.152481
-1.40496
-1.07323333333
-0.780533333333
-0.52686
-0.312213333333
-0.136593333333
1.99840144433e-15
0.0975666666667
0.156106666667
0.17562
0.163064
0.145637
0.133172
0.131969
0.14344
0.143212
0.15324
0.161891
0.164225
0.157136
-0.91147812
-0.73531008
-0.574461
-0.42893088
-0.29871972
-0.18382752
-0.08425428
7.77156117238e-16
0.06893532
0.12255168
0.16084908
0.18382752
0.191487
0.171991
0.140623
0.123887
0.135992
0.148528
0.165397
0.157075
-0.8805762
-0.7103808
-0.554985
-0.4143888
-0.2885922
-0.1775952
-0.0813978
6.66133814775e-16
0.0665982
0.1183968
0.1553958
0.1775952
0.184995
0.144078
0.144562
0.135822
0.139516
0.146505
0.164473
0.159451
-1.12559475
-0.8709959375
-0.643197
-0.4421979375
-0.26799875
-0.1205994375
8.881784197e-16
0.0937995625
0.16079925
0.2009990625
0.214399
0.19284
0.183707
0.15901
0.123899
0.136772
0.140281
0.144577
0.14612
0.141777
-3.43482
-2.576115
-1.831904
-1.202187
-0.686964
-0.286235
4.88498130835e-15
0.171741
0.228988
0.193493
0.195089
0.169132
0.168736
0.12987
0.127443
0.141293
0.135386
0.147339
0.145615
0.136929
-1.11371925
-0.8618065625
-0.636411
-0.4375325625
-0.26517125
-0.1193270625
4.4408920985e-16
0.0928099375
0.15910275
0.1988784375
0.212137
0.18633
0.148575
0.140279
0.146813
0.144223
0.144586
0.148032
0.154172
0.145327
-0.88520775
-0.6849821875
-0.505833
-0.3477601875
-0.21076375
-0.0948436875
3.33066907388e-16
0.0737673125
0.12645825
0.1580728125
0.168611
0.156893
0.139689
0.128609
0.143676
0.136856
0.1518
0.152086
0.16147
0.167647
-1.1744355
-0.908789375
-0.671106
-0.461385375
-0.2796275
-0.125832375
8.881784197e-16
0.097869625
0.1677765
0.209720625
0.223702
0.203196
0.158507
0.165092
0.137813
0.1251
0.12903
0.133624
0.136434
0.140726
-1.43941875
-1.151535
-0.89106875
-0.65802
-0.45238875
-0.274175
-0.12337875
1.11022302463e-15
0.09596125
0.164505
0.20563125
0.21934
0.184379
0.161881
0.148217
0.118648
0.138162
0.14559
0.136974
0.142451
-1.38130125
-1.105041
-0.85509125
-0.631452
-0.43412325
-0.263105
-0.11839725
1.11022302463e-15
0.09208675
0.157863
0.19732875
0.210484
0.186585
0.141554
0.179083
0.119276
0.139566
0.158173
0.14243
0.15688
-1.318064
-1.00685444444
-0.732257777778
-0.494274
-0.292903111111
-0.128145111111
1.55431223448e-15
0.0915322222222
0.146451555556
0.164758
0.145673
0.193105
0.156754
0.151183
0.143168
0.137883
0.139033
0.147238
0.140933
0.1604
-0.79008384
-0.617253
-0.46088224
-0.32097156
-0.19752096
-0.09053044
1.11022302463e-16
0.07407036
0.13168064
0.17283084
0.19752096
0.205751
0.192182
0.158001
0.134621
0.128303
0.117848
0.130909
0.14861
0.161909
0.0
0.0
0.0
0.0
0.0
0.0
0.0
0.0
0.0
0.0
0.0
0.0
0.0
0.0
0.0
0.0
0.0
0.0
0.0
0.0
-4.07841777778
-3.22688
-2.46497777778
-1.79271111111
-1.21008
-0.717084444444
-0.313724444444
8.881784197e-16
0.224088888889
0.358542222222
0.40336
0.254867
0.169373
0.142591
0.126956
0.0899759
0.0928337
0.118001
0.150747
0.166489
-2.023284375
-1.6186275
-1.252509375
-0.92493
-0.635889375
-0.3853875
-0.173424375
1.7763568394e-15
0.134885625
0.2312325
0.289040625
0.30831
0.231106
0.156523
0.114974
0.108178
0.102662
0.117015
0.143338
0.162338
-1.02290496
-0.82520064
-0.644688
-0.48136704
-0.33523776
-0.20630016
-0.09455424
6.66133814775e-16
0.07736256
0.13753344
0.18051264
0.20630016
0.214896
0.178471
0.118118
0.128579
0.172309
0.138891
0.149407
0.157684
-0.741282888889
-0.601944
-0.473752222222
-0.356707555556
-0.25081
-0.156059555556
-0.0724562222222
2.22044604925e-16
0.0613091111111
0.111471111111
0.150486
0.178353777778
0.195074444444
0.200648
0.158617
0.114357
0.143094
0.170142
0.158202
0.147501
-1.21455684
-0.97981056
-0.765477
-0.57155616
-0.39804804
-0.24495264
-0.11226996
1.11022302463e-15
0.09185724
0.16330176
0.21433356
0.24495264
0.255159
0.212577
0.154971
0.135067
0.108509
0.118946
0.131037
0.141291
-6.14408025
-4.787595
-3.59069625
-2.553384
-1.67565825
-0.957519
-0.39896625
0.0
0.23937975
0.319173
0.278131
0.119951
0.13747
0.140722
0.135197
0.107489
0.112349
0.141953
0.160232
0.174474
-0.94338916
-0.76105344
-0.594573
-0.44394784
-0.30917796
-0.19026336
-0.08720404
6.66133814775e-16
0.07134876
0.12684224
0.16648044
0.19026336
0.198191
0.161817
0.159593
0.141461
0.125533
0.15538
0.154062
0.152481
-1.59157264
-1.28395776
-1.003092
-0.74897536
-0.52160784
-0.32098944
-0.14712016
1.55431223448e-15
0.12037104
0.21399296
0.28086576
0.32098944
0.334364
0.238467
0.124787
0.117857
0.101847
0.0887306
0.115242
0.141429
-0.690879583333
-0.561015
-0.441539583333
-0.332453333333
-0.23375625
-0.145448333333
-0.0675295833333
1.11022302463e-16
0.0571404166667
0.103891666667
0.14025375
0.166226666667
0.181810416667
0.187005
0.18003
0.146205
0.127083
0.150653
0.169797
0.156213
-4.44122311111
-3.60849377778
-2.855072
-2.18095777778
-1.58615111111
-1.070652
-0.634460444444
-0.277576444444
8.881784197e-16
0.198268888889
0.317230222222
0.356884
0.324788
0.209137
0.129653
0.0973846
0.105246
0.103008
0.114446
0.142106
-1.7781225
-1.422498
-1.1007425
-0.812856
-0.5588385
-0.33869
-0.1524105
1.55431223448e-15
0.1185415
0.203214
0.2540175
0.270952
0.255427
0.206274
0.134014
0.102253
0.113231
0.123181
0.127054
0.149815
-1.02424728
-0.82628352
-0.645534
-0.48199872
-0.33567768
-0.20657088
-0.09467832
6.66133814775e-16
0.07746408
0.13771392
0.18074952
0.20657088
0.215178
0.192734
0.121387
0.126753
0.164743
0.135989
0.140996
0.161122
-2.92998766667
-2.318232
-1.77087166667
-1.28790666667
-0.869337
-0.515162666667
-0.225383666667
8.881784197e-16
0.160988333333
0.257581333333
0.289779
0.215742
0.214398
0.148333
0.156867
0.114838
0.113565
0.118629
0.138528
0.16883
-1.2996834375
-1.03974675
-0.8045659375
-0.594141
-0.4084719375
-0.24755875
-0.1114014375
1.11022302463e-15
0.0866455625
0.14853525
0.1856690625
0.198047
0.186564
0.203609
0.160527
0.11342
0.13899
0.156774
0.148543
0.148124
-1.612884
-1.276128
-0.97482
-0.70896
-0.478548
-0.283584
-0.124068
6.66133814775e-16
0.08862
0.141792
0.159516
0.145761
0.158664
0.149878
0.162913
0.161893
0.156211
0.145716
0.15671
0.172852
-2.004515625
-1.6036125
-1.240890625
-0.91635
-0.629990625
-0.3818125
-0.171815625
2.22044604925e-15
0.133634375
0.2290875
0.286359375
0.30545
0.175395
0.126898
0.154514
0.126599
0.106669
0.124644
0.147422
0.171558
-2.1156384375
-1.69251075
-1.3096809375
-0.967149
-0.6649149375
-0.40297875
-0.1813404375
1.7763568394e-15
0.1410425625
0.24178725
0.3022340625
0.322383
0.273464
0.152475
0.133574
0.143051
0.103394
0.109069
0.132758
0.165686
-2.2298521875
-1.78388175
-1.3803846875
-1.019361
-0.7008106875
-0.42473375
-0.1911301875
1.7763568394e-15
0.1486568125
0.25484025
0.3185503125
0.339787
0.31502
0.179261
0.132645
0.116802
0.0862801
0.0968931
0.124612
0.14775
-0.755835305556
-0.613761
-0.483052638889
-0.363710222222
-0.25573375
-0.159123222222
-0.0738786388889
0.0
0.0625126944444
0.113659444444
0.15344025
0.181855111111
0.198904027778
0.204587
0.185438
0.158698
0.128271
0.129097
0.131375
0.140836
-1.09076352
-0.87994368
-0.687456
-0.51330048
-0.35747712
-0.21998592
-0.10082688
8.881784197e-16
0.08249472
0.14665728
0.19248768
0.21998592
0.229152
0.196991
0.139633
0.135145
0.135586
0.129588
0.143881
0.146566
0.0
0.0
0.0
0.0
0.0
0.0
0.0
0.0
0.0
0.0
0.0
0.0
0.0
0.0
0.0
0.0
0.0
0.0
0.0
0.0
-1.4929621875
-1.19436975
-0.9242146875
-0.682497
-0.4692166875
-0.28437375
-0.1279681875
1.33226762955e-15
0.0995308125
0.17062425
0.2132803125
0.227499
0.189106
0.20613
0.146913
0.14711
0.153664
0.136558
0.129584
0.136381
-0.88645004
-0.71511936
-0.558687
-0.41715296
-0.29051724
-0.17877984
-0.08194076
6.66133814775e-16
0.06704244
0.11918656
0.15643236
0.17877984
0.186229
0.168679
0.173094
0.136027
0.144247
0.166171
0.148108
0.162022
-2.292952
-1.75156055556
-1.27386222222
-0.859857
-0.509544888889
-0.222925888889
2.6645352591e-15
0.159232777778
0.254772444444
0.286619
0.242182
0.22114
0.196328
0.172636
0.144371
0.122007
0.116112
0.110529
0.116229
0.111651
-2.57192
-1.96466111111
-1.42884444444
-0.96447
-0.571537777778
-0.250047777778
3.10862446895e-15
0.178605555556
0.285768888889
0.32149
0.262267
0.200413
0.18556
0.174608
0.152733
0.139907
0.129089
0.112643
0.106983
0.107854
-1.174344
-0.897068333333
-0.652413333333
-0.440379
-0.260965333333
-0.114172333333
1.55431223448e-15
0.0815516666667
0.130482666667
0.146793
0.137296
0.13303
0.130117
0.122793
0.116714
0.140903
0.146085
0.160141
0.19276
0.190712
-1.177029
-0.91079625
-0.672588
-0.46240425
-0.280245
-0.12611025
4.4408920985e-16
0.09808575
0.168147
0.21018375
0.224196
0.196462
0.195309
0.169079
0.138994
0.14173
0.146605
0.140442
0.125236
0.131129
-1.40496
-1.07323333333
-0.780533333333
-0.52686
-0.312213333333
-0.136593333333
1.99840144433e-15
0.0975666666667
0.156106666667
0.17562
0.163064
0.145637
0.133172
0.131969
0.14344
0.143212
0.15324
0.161891
0.164225
0.157136
-0.690879583333
-0.561015
-0.441539583333
-0.332453333333
-0.23375625
-0.145448333333
-0.0675295833333
1.11022302463e-16
0.0571404166667
0.103891666667
0.14025375
0.166226666667
0.181810416667
0.187005
0.18003
0.146205
0.127083
0.150653
0.169797
0.156213
-0.498352859375
-0.4085874375
-0.325012734375
-0.24762875
-0.176435484375
-0.1114329375
-0.052621109375
0.0
0.046430390625
0.0866700625
0.120719015625
0.14857725
0.170244765625
0.1857215625
0.195007640625
0.198103
0.193539
0.173055
0.147285
0.153448
-1.2187153125
-0.97497225
-0.7544428125
-0.557127
-0.3830248125
-0.23213625
-0.1044613125
8.881784197e-16
0.0812476875
0.13928175
0.1741021875
0.185709
0.156627
0.164138
0.170068
0.143711
0.137169
0.143861
0.173066
0.170837
-1.70429855556
-1.348456
-1.03007055556
-0.749142222222
-0.505671
-0.299656888889
-0.131099888889
1.11022302463e-15
0.0936427777778
0.149828444444
0.168557
0.152306
0.137169
0.154304
0.159843
0.169573
0.153283
0.148008
0.160393
0.165747
-1.5826
-1.20893055556
-0.879222222222
-0.593475
-0.351688888889
-0.153863888889
2.22044604925e-15
0.109902777778
0.175844444444
0.197825
0.190971
0.182579
0.170287
0.16895
0.152742
0.144125
0.137185
0.136167
0.146304
0.132478
-1.422526875
-1.1380215
-0.880611875
-0.650298
-0.447079875
-0.2709575
-0.121930875
1.11022302463e-15
0.094835125
0.1625745
0.203218125
0.216766
0.169912
0.145617
0.141491
0.153905
0.163366
0.158062
0.145632
0.144323
-4.025637
-3.13686
-2.352645
-1.672992
-1.097901
-0.627372
-0.261405
1.7763568394e-15
0.156843
0.209124
0.196743
0.160731
0.162313
0.157514
0.165062
0.165227
0.153048
0.134002
0.133549
0.139059
-1.27164411111
-1.006136
-0.768576111111
-0.558964444444
-0.377301
-0.223585777778
-0.0978187777778
8.881784197e-16
0.0698705555556
0.111792888889
0.125767
0.120912
0.11733
0.1244
0.144659
0.173618
0.186242
0.184455
0.170746
0.165197
-1.016967
-0.78693875
-0.581124
-0.39952275
-0.242135
-0.10896075
6.66133814775e-16
0.08474725
0.145281
0.18160125
0.193708
0.192108
0.205181
0.18495
0.157813
0.127199
0.132433
0.137773
0.13418
0.136127
-1.0102148
-0.8149632
-0.63669
-0.4753952
-0.3310788
-0.2037408
-0.0933812
6.66133814775e-16
0.0764028
0.1358272
0.1782732
0.2037408
0.21223
0.185643
0.168666
0.123917
0.125892
0.142431
0.135424
0.140244
-1.34985375
-1.079883
-0.83562375
-0.617076
-0.42423975
-0.257115
-0.11570175
1.11022302463e-15
0.08999025
0.154269
0.19283625
0.205692
0.187321
0.178431
0.183721
0.128472
0.134102
0.153582
0.154411
0.152237
-4.137285
-3.10296375
-2.206552
-1.44804975
-0.827457
-0.34477375
5.3290705182e-15
0.20686425
0.275819
0.186397
0.129029
0.12995
0.131165
0.118861
0.119243
0.118608
0.147445
0.163086
0.16078
0.17357
-3.60375
-2.7028125
-1.922
-1.2613125
-0.72075
-0.3003125
4.88498130835e-15
0.1801875
0.24025
0.23791
0.190561
0.165365
0.131134
0.116568
0.100177
0.117296
0.141658
0.140429
0.16158
0.169714
0.0
0.0
0.0
0.0
0.0
0.0
0.0
0.0
0.0
0.0
0.0
0.0
0.0
0.0
0.0
0.0
0.0
0.0
0.0
0.0
-2.21781
-1.774248
-1.37293
-1.013856
-0.697026
-0.42244
-0.190098
1.7763568394e-15
0.147854
0.253464
0.31683
0.337952
0.172754
0.10324
0.133064
0.110991
0.0912687
0.115853
0.154063
0.162369
-2.1360675
-1.708854
-1.3223275
-0.976488
-0.6713355
-0.40687
-0.1830915
1.7763568394e-15
0.1424045
0.244122
0.3051525
0.325496
0.220561
0.140634
0.100735
0.112723
0.114118
0.118272
0.149515
0.160374
-1.07789724
-0.86956416
-0.679347
-0.50724576
-0.35326044
-0.21739104
-0.09963756
6.66133814775e-16
0.08152164
0.14492736
0.19021716
0.21739104
0.226449
0.144797
0.133266
0.11575
0.169128
0.163321
0.153072
0.166367
-1.146035625
-0.9168285
-0.709450625
-0.523902
-0.360182625
-0.2182925
-0.098231625
1.11022302463e-15
0.076402375
0.1309755
0.163719375
0.174634
0.155678
0.180949
0.158944
0.131402
0.128677
0.164631
0.17777
0.154737
-1.7086978125
-1.36695825
-1.0577653125
-0.781119
-0.5370193125
-0.32546625
-0.1464598125
1.55431223448e-15
0.1139131875
0.19527975
0.2440996875
0.260373
0.255349
0.217774
0.15515
0.10975
0.10768
0.111369
0.133768
0.137796
-2.48053866667
-1.962624
-1.49922666667
-1.09034666667
-0.735984
-0.436138666667
-0.190810666667
8.881784197e-16
0.136293333333
0.218069333333
0.245328
0.209102
0.109843
0.129001
0.126424
0.131196
0.123158
0.144119
0.160055
0.173708
-0.91147812
-0.73531008
-0.574461
-0.42893088
-0.29871972
-0.18382752
-0.08425428
7.77156117238e-16
0.06893532
0.12255168
0.16084908
0.18382752
0.191487
0.171991
0.140623
0.123887
0.135992
0.148528
0.165397
0.157075
-4.44122311111
-3.60849377778
-2.855072
-2.18095777778
-1.58615111111
-1.070652
-0.634460444444
-0.277576444444
8.881784197e-16
0.198268888889
0.317230222222
0.356884
0.324788
0.209137
0.129653
0.0973846
0.105246
0.103008
0.114446
0.142106
-1.2187153125
-0.97497225
-0.7544428125
-0.557127
-0.3830248125
-0.23213625
-0.1044613125
8.881784197e-16
0.0812476875
0.13928175
0.1741021875
0.185709
0.156627
0.164138
0.170068
0.143711
0.137169
0.143861
0.173066
0.170837
-4.35905244444
-3.54173011111
-2.802248
-2.14060611111
-1.55680444444
-1.050843
-0.622721777778
-0.272440777778
8.881784197e-16
0.194600555556
0.311360888889
0.350281
0.323601
0.211688
0.135381
0.0870615
0.0921036
0.111428
0.11368
0.138215
-2.87734922222
-2.276584
-1.73905722222
-1.26476888889
-0.853719
-0.505907555556
-0.221334555556
1.33226762955e-15
0.158096111111
0.252953777778
0.284573
0.279074
0.236997
0.199362
0.13759
0.104713
0.106289
0.117517
0.133471
0.149192
-1.05746256
-0.85307904
-0.666468
-0.49762944
-0.34656336
-0.21326976
-0.09774864
6.66133814775e-16
0.07997616
0.14217984
0.18661104
0.21326976
0.222156
0.159034
0.127641
0.110886
0.160055
0.15711
0.151089
0.161037
-3.140228
-2.484576
-1.89794
-1.38032
-0.931716
-0.552128
-0.241556
8.881784197e-16
0.17254
0.276064
0.310572
0.223676
0.191189
0.138506
0.134433
0.130894
0.126087
0.133395
0.141629
0.158835
-2.16585055556
-1.71364
-1.30903055556
-0.952022222222
-0.642615
-0.380808888889
-0.166603888889
8.881784197e-16
0.119002777778
0.190404444444
0.214205
0.189832
0.167432
0.178606
0.155933
0.124204
0.126602
0.152979
0.164715
0.150893
-1.78240688889
-1.410256
-1.07727888889
-0.783475555556
-0.528846
-0.313390222222
-0.137108222222
8.881784197e-16
0.0979344444444
0.156695111111
0.176282
0.160601
0.146853
0.140336
0.147689
0.156487
0.154319
0.150022
0.154951
0.176216
-1.8262978125
-1.46103825
-1.1305653125
-0.834879
-0.5739793125
-0.34786625
-0.1565398125
1.7763568394e-15
0.1217531875
0.20871975
0.2608996875
0.278293
0.213922
0.120238
0.121532
0.146609
0.11675
0.125555
0.150481
0.172014
-2.1085771875
-1.68686175
-1.3053096875
-0.963921
-0.6626956875
-0.40163375
-0.1807351875
1.7763568394e-15
0.1405718125
0.24098025
0.3012253125
0.321307
0.270976
0.155651
0.109945
0.124315
0.126826
0.112532
0.137695
0.16916
-4.82681422222
-3.92178655556
-3.102952
-2.37031055556
-1.72386222222
-1.163607
-0.689544888889
-0.301675888889
8.881784197e-16
0.215482777778
0.344772444444
0.387869
0.301345
0.177079
0.105453
0.0984684
0.104447
0.101168
0.123688
0.155085
-0.600261
-0.472427638889
-0.355710222222
-0.25010875
-0.155623222222
-0.0722536388889
0.0
0.0611376944444
0.111159444444
0.15006525
0.177855111111
0.194529027778
0.200087
0.184659
0.183566
0.15212
0.12665
0.126533
0.136475
0.143148
-1.54347375
-1.234779
-0.95548375
-0.705588
-0.48509175
-0.293995
-0.13229775
1.7763568394e-15
0.10289825
0.176397
0.22049625
0.235196
0.217622
0.186671
0.135376
0.115604
0.115978
0.137004
0.145259
0.15435
0.0
0.0
0.0
0.0
0.0
0.0
0.0
0.0
0.0
0.0
0.0
0.0
0.0
0.0
0.0
0.0
0.0
0.0
0.0
0.0
-1.7317978125
-1.38543825
-1.0720653125
-0.791679
-0.5442793125
-0.32986625
-0.1484398125
1.55431223448e-15
0.1154531875
0.19791975
0.2473996875
0.263893
0.190781
0.129894
0.126808
0.121423
0.120397
0.120569
0.148448
0.158056
-2.27729522222
-1.801816
-1.37638722222
-1.00100888889
-0.675681
-0.400403555556
-0.175176555556
8.881784197e-16
0.125126111111
0.200201777778
0.225227
0.205834
0.186509
0.150962
0.108843
0.119897
0.143609
0.133932
0.150378
0.173839
-0.594528
-0.467915555556
-0.352312888889
-0.24772
-0.154136888889
-0.0715635555556
0.0
0.0605537777778
0.110097777778
0.148632
0.176156444444
0.192671111111
0.198176
0.185179
0.146211
0.124281
0.15533
0.161803
0.16377
0.157832
-1.49154055556
-1.18012
-0.901480555556
-0.655622222222
-0.442545
-0.262248888889
-0.114733888889
6.66133814775e-16
0.0819527777778
0.131124444444
0.147515
0.13747
0.16085
0.175813
0.158728
0.145312
0.143375
0.156081
0.161589
0.163903
-1.6317853125
-1.30542825
-1.0101528125
-0.745959
-0.5128468125
-0.31081625
-0.1398673125
1.33226762955e-15
0.1087856875
0.18648975
0.2331121875
0.248653
0.223768
0.186774
0.137101
0.117282
0.112435
0.125966
0.14048
0.143956
-1.28449125
-0.9939515625
-0.733995
-0.5046215625
-0.30583125
-0.1376240625
6.66133814775e-16
0.1070409375
0.18349875
0.2293734375
0.244665
0.221465
0.134956
0.11998
0.128047
0.133288
0.132083
0.14109
0.152825
0.155941
-0.8805762
-0.7103808
-0.554985
-0.4143888
-0.2885922
-0.1775952
-0.0813978
6.66133814775e-16
0.0665982
0.1183968
0.1553958
0.1775952
0.184995
0.144078
0.144562
0.135822
0.139516
0.146505
0.164473
0.159451
-1.7781225
-1.422498
-1.1007425
-0.812856
-0.5588385
-0.33869
-0.1524105
1.55431223448e-15
0.1185415
0.203214
0.2540175
0.270952
0.255427
0.206274
0.134014
0.102253
0.113231
0.123181
0.127054
0.149815
-1.70429855556
-1.348456
-1.03007055556
-0.749142222222
-0.505671
-0.299656888889
-0.131099888889
1.11022302463e-15
0.0936427777778
0.149828444444
0.168557
0.152306
0.137169
0.154304
0.159843
0.169573
0.153283
0.148008
0.160393
0.165747
-2.87734922222
-2.276584
-1.73905722222
-1.26476888889
-0.853719
-0.505907555556
-0.221334555556
1.33226762955e-15
0.158096111111
0.252953777778
0.284573
0.279074
0.236997
0.199362
0.13759
0.104713
0.106289
0.117517
0.133471
0.149192
-2.68271033333
-2.122584
-1.62141833333
-1.17921333333
-0.795969
-0.471685333333
-0.206362333333
4.4408920985e-16
0.147401666667
0.235842666667
0.265323
0.247329
0.204073
0.193119
0.139737
0.121233
0.102884
0.122046
0.132442
0.142441
-0.578787
-0.455526805556
-0.342984888889
-0.24116125
-0.150055888889
-0.0696688055556
0.0
0.0589505277778
0.107182777778
0.14469675
0.171492444444
0.187569861111
0.192929
0.162521
0.151723
0.128944
0.142527
0.155325
0.152651
0.159143
-2.61663422222
-2.070304
-1.58148222222
-1.15016888889
-0.776364
-0.460067555556
-0.201279555556
1.33226762955e-15
0.143771111111
0.230033777778
0.258788
0.215782
0.182845
0.146398
0.128915
0.122536
0.13713
0.135736
0.1497
0.14407
-1.0945396875
-0.87563175
-0.6775721875
-0.500361
-0.3439981875
-0.20848375
-0.0938176875
8.881784197e-16
0.0729693125
0.12509025
0.1563628125
0.166787
0.154532
0.164345
0.168207
0.145098
0.142934
0.150045
0.149221
0.158288
-1.69904077778
-1.344296
-1.02689277778
-0.746831111111
-0.504111
-0.298732444444
-0.130695444444
8.881784197e-16
0.0933538888889
0.149366222222
0.168037
0.148757
0.136347
0.139593
0.148462
0.152618
0.160535
0.155836
0.166028
0.163697
-1.463135625
-1.1705085
-0.905750625
-0.668862
-0.459842625
-0.2786925
-0.125411625
1.11022302463e-15
0.097542375
0.1672155
0.209019375
0.222954
0.207885
0.140265
0.126627
0.137926
0.134582
0.138702
0.145636
0.165888
-1.170246
-0.944064
-0.73755
-0.550704
-0.383526
-0.236016
-0.108174
8.881784197e-16
0.088506
0.157344
0.206514
0.236016
0.24585
0.183423
0.120535
0.119538
0.130158
0.129396
0.139277
0.160913
-1.8127003125
-1.45016025
-1.1221478125
-0.828663
-0.5697058125
-0.34527625
-0.1553743125
1.33226762955e-15
0.1208466875
0.20716575
0.2589571875
0.276221
0.255906
0.175996
0.119798
0.111664
0.114466
0.114802
0.134529
0.157054
-1.379144
-1.05351277778
-0.766191111111
-0.517179
-0.306476444444
-0.134083444444
1.7763568394e-15
0.0957738888889
0.153238222222
0.172393
0.15535
0.191424
0.218699
0.194535
0.156132
0.134286
0.117769
0.131733
0.143327
0.137359
-3.72196825
-2.900235
-2.17517625
-1.546792
-1.01508225
-0.580047
-0.24168625
1.33226762955e-15
0.14501175
0.193349
0.18594
0.212652
0.200018
0.167106
0.127044
0.116838
0.122007
0.141778
0.152995
0.149458
0.0
0.0
0.0
0.0
0.0
0.0
0.0
0.0
0.0
0.0
0.0
0.0
0.0
0.0
0.0
0.0
0.0
0.0
0.0
0.0
-1.961112
-1.49807166667
-1.08950666667
-0.735417
-0.435802666667
-0.190663666667
2.6645352591e-15
0.136188333333
0.217901333333
0.245139
0.22256
0.240963
0.155139
0.124313
0.16415
0.122523
0.117018
0.13242
0.140367
0.144367
-1.504505625
-1.2036045
-0.931360625
-0.687774
-0.472844625
-0.2865725
-0.128957625
1.33226762955e-15
0.100300375
0.1719435
0.214929375
0.229258
0.193162
0.151921
0.122785
0.142566
0.1214
0.133895
0.155685
0.149374
-1.418193
-1.09741125
-0.810396
-0.55714725
-0.337665
-0.15194925
4.4408920985e-16
0.11818275
0.202599
0.25324875
0.270132
0.245036
0.201795
0.135977
0.123816
0.113655
0.12303
0.131218
0.13096
0.125392
-1.24958925
-0.9669440625
-0.714051
-0.4909100625
-0.29752125
-0.1338845625
6.66133814775e-16
0.1041324375
0.17851275
0.2231409375
0.238017
0.219153
0.177835
0.162734
0.146193
0.13423
0.123045
0.135128
0.134849
0.126457
-0.66401664
-0.518763
-0.38734304
-0.26975676
-0.16600416
-0.07608524
1.11022302463e-16
0.06225156
0.11066944
0.14525364
0.16600416
0.172921
0.167091
0.154385
0.13629
0.121438
0.153152
0.166296
0.169678
0.164655
-2.540632
-1.94076055556
-1.41146222222
-0.952737
-0.564584888889
-0.247005888889
3.10862446895e-15
0.176432777778
0.282292444444
0.317579
0.217426
0.221852
0.131228
0.134998
0.136515
0.125529
0.123968
0.123385
0.127647
0.136494
-1.12559475
-0.8709959375
-0.643197
-0.4421979375
-0.26799875
-0.1205994375
8.881784197e-16
0.0937995625
0.16079925
0.2009990625
0.214399
0.19284
0.183707
0.15901
0.123899
0.136772
0.140281
0.144577
0.14612
0.141777
-1.02424728
-0.82628352
-0.645534
-0.48199872
-0.33567768
-0.20657088
-0.09467832
6.66133814775e-16
0.07746408
0.13771392
0.18074952
0.20657088
0.215178
0.192734
0.121387
0.126753
0.164743
0.135989
0.140996
0.161122
-1.5826
-1.20893055556
-0.879222222222
-0.593475
-0.351688888889
-0.153863888889
2.22044604925e-15
0.109902777778
0.175844444444
0.197825
0.190971
0.182579
0.170287
0.16895
0.152742
0.144125
0.137185
0.136167
0.146304
0.132478
-1.05746256
-0.85307904
-0.666468
-0.49762944
-0.34656336
-0.21326976
-0.09774864
6.66133814775e-16
0.07997616
0.14217984
0.18661104
0.21326976
0.222156
0.159034
0.127641
0.110886
0.160055
0.15711
0.151089
0.161037
-0.578787
-0.455526805556
-0.342984888889
-0.24116125
-0.150055888889
-0.0696688055556
0.0
0.0589505277778
0.107182777778
0.14469675
0.171492444444
0.187569861111
0.192929
0.162521
0.151723
0.128944
0.142527
0.155325
0.152651
0.159143
-1.4774655
-1.143276875
-0.844266
-0.580432875
-0.3517775
-0.158299875
6.66133814775e-16
0.123122125
0.2110665
0.263833125
0.281422
0.236635
0.211272
0.137084
0.120965
0.116025
0.123341
0.128585
0.125885
0.129449
-5.75806
-4.4868
-3.3651
-2.39296
-1.57038
-0.89736
-0.3739
1.7763568394e-15
0.22434
0.29912
0.248536
0.183595
0.133969
0.138135
0.130212
0.148869
0.14135
0.131797
0.134548
0.13247
-1.171107
-0.90621375
-0.669204
-0.46007775
-0.278835
-0.12547575
8.881784197e-16
0.09759225
0.167301
0.20912625
0.223068
0.206681
0.175698
0.172308
0.148616
0.123678
0.126295
0.13842
0.137199
0.134191
-1.357448
-1.03693944444
-0.754137777778
-0.509043
-0.301655111111
-0.131974111111
1.7763568394e-15
0.0942672222222
0.150827555556
0.169681
0.158895
0.155885
0.159652
0.158365
0.153623
0.152239
0.147638
0.151642
0.148054
0.148527
-2.221144
-1.69670722222
-1.23396888889
-0.832929
-0.493587555556
-0.215944555556
3.10862446895e-15
0.154246111111
0.246793777778
0.277643
0.247823
0.214498
0.178005
0.122803
0.131501
0.130793
0.12025
0.128177
0.134303
0.130278
-1.35616425
-1.0494128125
-0.774951
-0.5327788125
-0.32289625
-0.1453033125
8.881784197e-16
0.1130136875
0.19373775
0.2421721875
0.258317
0.2471
0.203525
0.125593
0.11787
0.137466
0.123944
0.124882
0.134521
0.1372
-1.5100378125
-1.20803025
-0.9347853125
-0.690303
-0.4745833125
-0.28762625
-0.1294318125
8.881784197e-16
0.1006691875
0.17257575
0.2157196875
0.230101
0.21277
0.148952
0.109021
0.153826
0.150419
0.126626
0.141412
0.155573
-1.758165
-1.31862375
-0.937688
-0.61535775
-0.351633
-0.14651375
2.88657986403e-15
0.08790825
0.117211
0.0874048
0.116799
0.16115
0.170165
0.147323
0.15601
0.15421
0.150528
0.168414
0.154055
0.154335
-0.77415168
-0.604806
-0.45158848
-0.31449912
-0.19353792
-0.08870488
2.22044604925e-16
0.07257672
0.12902528
0.16934568
0.19353792
0.201602
0.174584
0.150259
0.136127
0.130793
0.131557
0.165952
0.162845
0.159954
0.0
0.0
0.0
0.0
0.0
0.0
0.0
0.0
0.0
0.0
0.0
0.0
0.0
0.0
0.0
0.0
0.0
0.0
0.0
0.0
-3.480915
-2.61068625
-1.856488
-1.21832025
-0.696183
-0.29007625
5.3290705182e-15
0.17404575
0.232061
0.213926
0.222581
0.168092
0.135819
0.161266
0.133161
0.110298
0.113758
0.131412
0.15147
0.163875
-5.09714975
-3.971805
-2.97885375
-2.118296
-1.39013175
-0.794361
-0.33098375
8.881784197e-16
0.19859025
0.264787
0.234102
0.219278
0.13857
0.149681
0.13836
0.124263
0.112404
0.122732
0.14461
0.157491
-2.2322
-1.70515277778
-1.24011111111
-0.837075
-0.496044444444
-0.217019444444
2.6645352591e-15
0.155013888889
0.248022222222
0.279025
0.252264
0.148725
0.126192
0.135023
0.132994
0.146042
0.147547
0.139561
0.136399
0.13807
-2.50379422222
-1.981024
-1.51328222222
-1.10056888889
-0.742884
-0.440227555556
-0.192599555556
8.881784197e-16
0.137571111111
0.220113777778
0.247628
0.195782
0.123674
0.129565
0.138345
0.147231
0.148437
0.139773
0.144786
0.138466
-1.657648
-1.26625888889
-0.920915555556
-0.621618
-0.368366222222
-0.161160222222
1.99840144433e-15
0.115114444444
0.184183111111
0.207206
0.192942
0.18045
0.186151
0.168325
0.115543
0.130571
0.119163
0.146791
0.151375
0.150639
-12.745488
-9.293585
-6.372744
-3.982965
-2.124248
-0.796593
1.7763568394e-15
0.265531
0.104547
0.241984
0.207533
0.112161
0.154609
0.184031
0.144178
0.108899
0.122102
0.134127
0.144186
0.140564
-3.43482
-2.576115
-1.831904
-1.202187
-0.686964
-0.286235
4.88498130835e-15
0.171741
0.228988
0.193493
0.195089
0.169132
0.168736
0.12987
0.127443
0.141293
0.135386
0.147339
0.145615
0.136929
-2.92998766667
-2.318232
-1.77087166667
-1.28790666667
-0.869337
-0.515162666667
-0.225383666667
8.881784197e-16
0.160988333333
0.257581333333
0.289779
0.215742
0.214398
0.148333
0.156867
0.114838
0.113565
0.118629
0.138528
0.16883
-1.422526875
-1.1380215
-0.880611875
-0.650298
-0.447079875
-0.2709575
-0.121930875
1.11022302463e-15
0.094835125
0.1625745
0.203218125
0.216766
0.169912
0.145617
0.141491
0.153905
0.163366
0.158062
0.145632
0.144323
-3.140228
-2.484576
-1.89794
-1.38032
-0.931716
-0.552128
-0.241556
8.881784197e-16
0.17254
0.276064
0.310572
0.223676
0.191189
0.138506
0.134433
0.130894
0.126087
0.133395
0.141629
0.158835
-2.61663422222
-2.070304
-1.58148222222
-1.15016888889
-0.776364
-0.460067555556
-0.201279555556
1.33226762955e-15
0.143771111111
0.230033777778
0.258788
0.215782
0.182845
0.146398
0.128915
0.122536
0.13713
0.135736
0.1497
0.14407
-5.75806
-4.4868
-3.3651
-2.39296
-1.57038
-0.89736
-0.3739
1.7763568394e-15
0.22434
0.29912
0.248536
0.183595
0.133969
0.138135
0.130212
0.148869
0.14135
0.131797
0.134548
0.13247
-3.30177322222
-2.612392
-1.99557722222
-1.45132888889
-0.979647
-0.580531555556
-0.253982555556
1.7763568394e-15
0.181416111111
0.290265777778
0.326549
0.13183
0.124122
0.139075
0.148863
0.149943
0.147788
0.130137
0.137988
0.157519
-2.56050744444
-2.025896
-1.54755944444
-1.12549777778
-0.759711
-0.450199111111
-0.196962111111
8.881784197e-16
0.140687222222
0.225099555556
0.253237
0.202271
0.150175
0.144756
0.143886
0.139701
0.145639
0.143001
0.133279
0.139635
-0.88777808
-0.71619072
-0.559524
-0.41777792
-0.29095248
-0.17904768
-0.08206352
6.66133814775e-16
0.06714288
0.11936512
0.15666672
0.17904768
0.186508
0.160811
0.147062
0.142607
0.157192
0.152094
0.150378
0.151506
-1.914344
-1.46234611111
-1.06352444444
-0.717879
-0.425409777778
-0.186116777778
2.44249065418e-15
0.132940555556
0.212704888889
0.239293
0.230938
0.179777
0.135464
0.156484
0.141559
0.126549
0.125885
0.126407
0.136963
0.144473
-6.04078475
-4.707105
-3.53032875
-2.510456
-1.64748675
-0.941421
-0.39225875
8.881784197e-16
0.23535525
0.313807
0.209247
0.218767
0.158198
0.147801
0.156273
0.127094
0.114591
0.116881
0.136726
0.149145
-5.0055005
-3.90039
-2.9252925
-2.080208
-1.3651365
-0.780078
-0.3250325
1.7763568394e-15
0.1950195
0.260026
0.213379
0.252837
0.196784
0.139327
0.156832
0.113029
0.105466
0.117341
0.13873
0.167329
-1.911952
-1.46051888889
-1.06219555556
-0.716982
-0.424878222222
-0.185884222222
2.44249065418e-15
0.132774444444
0.212439111111
0.238994
0.17324
0.169336
0.175044
0.1607
0.14138
0.132093
0.12078
0.123747
0.13948
0.140702
-1.864384
-1.42418222222
-1.03576888889
-0.699144
-0.414307555556
-0.181259555556
2.44249065418e-15
0.129471111111
0.207153777778
0.233048
0.196687
0.179127
0.167788
0.163103
0.133052
0.117404
0.132185
0.130336
0.144643
0.144722
0.0
0.0
0.0
0.0
0.0
0.0
0.0
0.0
0.0
0.0
0.0
0.0
0.0
0.0
0.0
0.0
0.0
0.0
0.0
0.0
-0.90645888
-0.708171
-0.52876768
-0.36824892
-0.22661472
-0.10386508
0.0
0.08498052
0.15107648
0.19828788
0.22661472
0.236057
0.213205
0.144134
0.159232
0.145083
0.145776
0.113672
0.130005
0.145652
-1.92397255556
-1.522264
-1.16284055556
-0.845702222222
-0.570849
-0.338280888889
-0.147997888889
8.881784197e-16
0.105712777778
0.169140444444
0.190283
0.176244
0.228616
0.155119
0.130929
0.136934
0.131673
0.154644
0.140117
0.148064
-1.832848
-1.40009222222
-1.01824888889
-0.687318
-0.407299555556
-0.178193555556
2.22044604925e-15
0.127281111111
0.203649777778
0.229106
0.211397
0.194199
0.184802
0.163284
0.143305
0.135987
0.133042
0.141712
0.141689
0.131672
-2.11695322222
-1.674952
-1.27947722222
-0.930528888889
-0.628107
-0.372211555556
-0.162842555556
1.33226762955e-15
0.116316111111
0.186105777778
0.209369
0.184257
0.185513
0.181932
0.165589
0.158388
0.139792
0.131197
0.13277
0.137709
-0.75063936
-0.586437
-0.43787296
-0.30494724
-0.18765984
-0.08601076
1.11022302463e-16
0.07037244
0.12510656
0.16420236
0.18765984
0.195479
0.16065
0.126904
0.120752
0.130253
0.130569
0.159883
0.178572
0.172809
-0.91502592
-0.714864
-0.53376512
-0.37172928
-0.22875648
-0.10484672
0.0
0.08578368
0.15250432
0.20016192
0.22875648
0.238288
0.163287
0.125743
0.139173
0.141652
0.139968
0.133173
0.134423
0.136419
-1.11371925
-0.8618065625
-0.636411
-0.4375325625
-0.26517125
-0.1193270625
4.4408920985e-16
0.0928099375
0.15910275
0.1988784375
0.212137
0.18633
0.148575
0.140279
0.146813
0.144223
0.144586
0.148032
0.154172
0.145327
-1.2996834375
-1.03974675
-0.8045659375
-0.594141
-0.4084719375
-0.24755875
-0.1114014375
1.11022302463e-15
0.0866455625
0.14853525
0.1856690625
0.198047
0.186564
0.203609
0.160527
0.11342
0.13899
0.156774
0.148543
0.148124
-4.025637
-3.13686
-2.352645
-1.672992
-1.097901
-0.627372
-0.261405
1.7763568394e-15
0.156843
0.209124
0.196743
0.160731
0.162313
0.157514
0.165062
0.165227
0.153048
0.134002
0.133549
0.139059
-2.16585055556
-1.71364
-1.30903055556
-0.952022222222
-0.642615
-0.380808888889
-0.166603888889
8.881784197e-16
0.119002777778
0.190404444444
0.214205
0.189832
0.167432
0.178606
0.155933
0.124204
0.126602
0.152979
0.164715
0.150893
-1.0945396875
-0.87563175
-0.6775721875
-0.500361
-0.3439981875
-0.20848375
-0.0938176875
8.881784197e-16
0.0729693125
0.12509025
0.1563628125
0.166787
0.154532
0.164345
0.168207
0.145098
0.142934
0.150045
0.149221
0.158288
-1.171107
-0.90621375
-0.669204
-0.46007775
-0.278835
-0.12547575
8.881784197e-16
0.09759225
0.167301
0.20912625
0.223068
0.206681
0.175698
0.172308
0.148616
0.123678
0.126295
0.13842
0.137199
0.134191
-2.56050744444
-2.025896
-1.54755944444
-1.12549777778
-0.759711
-0.450199111111
-0.196962111111
8.881784197e-16
0.140687222222
0.225099555556
0.253237
0.202271
0.150175
0.144756
0.143886
0.139701
0.145639
0.143001
0.133279
0.139635
-0.576255
-0.453534027778
-0.341484444444
-0.24010625
-0.149399444444
-0.0693640277778
-1.11022302463e-16
0.0586926388889
0.106713888889
0.14406375
0.170742222222
0.186749305556
0.192085
0.188923
0.181586
0.155192
0.144065
0.129039
0.132669
0.124332
-1.52692
-1.16639722222
-0.848288888889
-0.572595
-0.339315555556
-0.148450555556
2.22044604925e-15
0.106036111111
0.169657777778
0.190865
0.178801
0.148536
0.144274
0.143572
0.146678
0.156708
0.157673
0.155576
0.151387
0.140916
-1.1703615
-0.905636875
-0.668778
-0.459784875
-0.2786575
-0.125395875
6.66133814775e-16
0.097530125
0.1671945
0.208993125
0.222926
0.207988
0.213405
0.163981
0.128344
0.133097
0.139912
0.127042
0.126492
0.138893
-1.224615
-0.94761875
-0.69978
-0.48109875
-0.291575
-0.13120875
1.11022302463e-15
0.10205125
0.174945
0.21868125
0.23326
0.216072
0.21572
0.188288
0.12312
0.112201
0.130006
0.137001
0.130374
0.136601
-0.99477336
-0.80250624
-0.626958
-0.46812864
-0.32601816
-0.20062656
-0.09195384
7.77156117238e-16
0.07523496
0.13375104
0.17554824
0.20062656
0.208986
0.188265
0.132078
0.126048
0.144045
0.144822
0.139529
0.158691
-2.51925
-1.8894375
-1.3436
-0.8817375
-0.50385
-0.2099375
3.5527136788e-15
0.1259625
0.16795
0.145321
0.138807
0.148205
0.173629
0.14313
0.144387
0.134816
0.139203
0.142481
0.157618
0.168655
-0.69482112
-0.542829
-0.40531232
-0.28227108
-0.17370528
-0.07961492
0.0
0.06513948
0.11580352
0.15199212
0.17370528
0.180943
0.160689
0.132058
0.1241
0.12624
0.139531
0.157361
0.167305
0.164386
0.0
0.0
0.0
0.0
0.0
0.0
0.0
0.0
0.0
0.0
0.0
0.0
0.0
0.0
0.0
0.0
0.0
0.0
0.0
0.0
-0.525384
-0.413496666667
-0.311338666667
-0.21891
-0.136210666667
-0.0632406666667
0.0
0.0535113333333
0.0972933333333
0.131346
0.155669333333
0.170263333333
0.175128
0.169795
0.162351
0.160938
0.144534
0.154091
0.162929
0.143835
-0.77896875
-0.6027734375
-0.445125
-0.3060234375
-0.18546875
-0.0834609375
3.33066907388e-16
0.0649140625
0.11128125
0.1391015625
0.148375
0.137919
0.147667
0.179275
0.162076
0.15233
0.150592
0.155559
0.160915
0.162681
-4.33491
-3.2511825
-2.311952
-1.5172185
-0.866982
-0.3612425
6.2172489379e-15
0.2167455
0.288994
0.287719
0.20213
0.179378
0.208048
0.161225
0.136903
0.127863
0.11779
0.121057
0.112908
0.118839
-2.597176
-1.98395388889
-1.44287555556
-0.973941
-0.577150222222
-0.252503222222
3.10862446895e-15
0.180359444444
0.288575111111
0.324647
0.26245
0.197996
0.182755
0.176591
0.143263
0.130829
0.125757
0.11984
0.109484
0.109088
-0.847434
-0.6557525
-0.484248
-0.3329205
-0.20177
-0.0907965
5.55111512313e-16
0.0706195
0.121062
0.1513275
0.161416
0.156777
0.131429
0.121603
0.119689
0.133867
0.15094
0.15426
0.176925
0.177539
-0.542484
-0.426955
-0.321472
-0.226035
-0.140644
-0.065299
0.0
0.055253
0.10046
0.135621
0.160736
0.175805
0.180828
0.171439
0.156946
0.139079
0.14598
0.154021
0.149635
0.135582
-0.88520775
-0.6849821875
-0.505833
-0.3477601875
-0.21076375
-0.0948436875
3.33066907388e-16
0.0737673125
0.12645825
0.1580728125
0.168611
0.156893
0.139689
0.128609
0.143676
0.136856
0.1518
0.152086
0.16147
0.167647
-1.612884
-1.276128
-0.97482
-0.70896
-0.478548
-0.283584
-0.124068
6.66133814775e-16
0.08862
0.141792
0.159516
0.145761
0.158664
0.149878
0.162913
0.161893
0.156211
0.145716
0.15671
0.172852
-1.27164411111
-1.006136
-0.768576111111
-0.558964444444
-0.377301
-0.223585777778
-0.0978187777778
8.881784197e-16
0.0698705555556
0.111792888889
0.125767
0.120912
0.11733
0.1244
0.144659
0.173618
0.186242
0.184455
0.170746
0.165197
-1.78240688889
-1.410256
-1.07727888889
-0.783475555556
-0.528846
-0.313390222222
-0.137108222222
8.881784197e-16
0.0979344444444
0.156695111111
0.176282
0.160601
0.146853
0.140336
0.147689
0.156487
0.154319
0.150022
0.154951
0.176216
-1.69904077778
-1.344296
-1.02689277778
-0.746831111111
-0.504111
-0.298732444444
-0.130695444444
8.881784197e-16
0.0933538888889
0.149366222222
0.168037
0.148757
0.136347
0.139593
0.148462
0.152618
0.160535
0.155836
0.166028
0.163697
-1.357448
-1.03693944444
-0.754137777778
-0.509043
-0.301655111111
-0.131974111111
1.7763568394e-15
0.0942672222222
0.150827555556
0.169681
0.158895
0.155885
0.159652
0.158365
0.153623
0.152239
0.147638
0.151642
0.148054
0.148527
-0.88777808
-0.71619072
-0.559524
-0.41777792
-0.29095248
-0.17904768
-0.08206352
6.66133814775e-16
0.06714288
0.11936512
0.15666672
0.17904768
0.186508
0.160811
0.147062
0.142607
0.157192
0.152094
0.150378
0.151506
-1.52692
-1.16639722222
-0.848288888889
-0.572595
-0.339315555556
-0.148450555556
2.22044604925e-15
0.106036111111
0.169657777778
0.190865
0.178801
0.148536
0.144274
0.143572
0.146678
0.156708
0.157673
0.155576
0.151387
0.140916
-1.053584
-0.804821111111
-0.585324444444
-0.395094
-0.234129777778
-0.102431777778
1.33226762955e-15
0.0731655555556
0.117064888889
0.131698
0.126325
0.14846
0.131194
0.142753
0.136122
0.146366
0.16175
0.167567
0.177511
0.173584
-0.529011
-0.41635125
-0.313488
-0.22042125
-0.137151
-0.06367725
0.0
0.05388075
0.097965
0.13225275
0.156744
0.17143875
0.176337
0.169555
0.167659
0.154321
0.142955
0.1458
0.149632
0.142902
-0.517662
-0.407419166667
-0.306762666667
-0.2156925
-0.134208666667
-0.0623111666667
0.0
0.0527248333333
0.0958633333333
0.1294155
0.153381333333
0.167760833333
0.172554
0.169864
0.169963
0.153222
0.146679
0.139012
0.14559
0.152658
-1.601418
-1.267056
-0.96789
-0.70392
-0.475146
-0.281568
-0.123186
6.66133814775e-16
0.08799
0.140784
0.158382
0.153042
0.149985
0.151876
0.16014
0.159654
0.151954
0.141022
0.163513
0.171362
-3.53475
-2.6510625
-1.8852
-1.2371625
-0.70695
-0.2945625
5.3290705182e-15
0.1767375
0.23565
0.195741
0.165872
0.156964
0.143707
0.136455
0.116615
0.109774
0.124778
0.144469
0.153403
0.17299
-1.661848
-1.26946722222
-0.923248888889
-0.623193
-0.369299555556
-0.161568555556
1.99840144433e-15
0.115406111111
0.184649777778
0.207731
0.196232
0.179711
0.143275
0.122762
0.118825
0.116055
0.139531
0.145642
0.158261
0.161587
0.0
0.0
0.0
0.0
0.0
0.0
0.0
0.0
0.0
0.0
0.0
0.0
0.0
0.0
0.0
0.0
0.0
0.0
0.0
0.0
-3.250192
-2.48278555556
-1.80566222222
-1.218822
-0.722264888889
-0.315990888889
4.4408920985e-15
0.225707777778
0.361132444444
0.406274
0.227089
0.141226
0.165156
0.173228
0.0962979
0.0961372
0.114476
0.134511
0.147172
0.146877
-1.56684675
-1.2124409375
-0.895341
-0.6155469375
-0.37305875
-0.1678764375
6.66133814775e-16
0.1305705625
0.22383525
0.2797940625
0.298447
0.202458
0.125834
0.142734
0.14048
0.121055
0.120238
0.14083
0.142712
0.143267
-5.368035
-4.02602625
-2.862952
-1.87881225
-1.073607
-0.44733625
6.2172489379e-15
0.26840175
0.357869
0.292673
0.255126
0.20654
0.15059
0.0983518
0.118088
0.118312
0.118198
0.12594
0.128123
0.126183
-2.051112
-1.56682166667
-1.13950666667
-0.769167
-0.455802666667
-0.199413666667
2.22044604925e-15
0.142438333333
0.227901333333
0.256389
0.212524
0.20281
0.194086
0.158092
0.119653
0.122597
0.134028
0.128457
0.127843
0.133317
-1.3982784375
-1.11862275
-0.8656009375
-0.639213
-0.4394589375
-0.26633875
-0.1198524375
8.881784197e-16
0.0932185625
0.15980325
0.1997540625
0.213071
0.175262
0.148543
0.162274
0.133384
0.140446
0.149486
0.154682
0.156874
-6.724305
-5.04322875
-3.586296
-2.35350675
-1.344861
-0.56035875
1.06581410364e-14
0.33621525
0.448287
0.313716
0.119243
0.138513
0.150043
0.141347
0.127502
0.118867
0.118964
0.123755
0.134014
0.139738
-1.1744355
-0.908789375
-0.671106
-0.461385375
-0.2796275
-0.125832375
8.881784197e-16
0.097869625
0.1677765
0.209720625
0.223702
0.203196
0.158507
0.165092
0.137813
0.1251
0.12903
0.133624
0.136434
0.140726
-2.004515625
-1.6036125
-1.240890625
-0.91635
-0.629990625
-0.3818125
-0.171815625
2.22044604925e-15
0.133634375
0.2290875
0.286359375
0.30545
0.175395
0.126898
0.154514
0.126599
0.106669
0.124644
0.147422
0.171558
-1.016967
-0.78693875
-0.581124
-0.39952275
-0.242135
-0.10896075
6.66133814775e-16
0.08474725
0.145281
0.18160125
0.193708
0.192108
0.205181
0.18495
0.157813
0.127199
0.132433
0.137773
0.13418
0.136127
-1.8262978125
-1.46103825
-1.1305653125
-0.834879
-0.5739793125
-0.34786625
-0.1565398125
1.7763568394e-15
0.1217531875
0.20871975
0.2608996875
0.278293
0.213922
0.120238
0.121532
0.146609
0.11675
0.125555
0.150481
0.172014
-1.463135625
-1.1705085
-0.905750625
-0.668862
-0.459842625
-0.2786925
-0.125411625
1.11022302463e-15
0.097542375
0.1672155
0.209019375
0.222954
0.207885
0.140265
0.126627
0.137926
0.134582
0.138702
0.145636
0.165888
-2.221144
-1.69670722222
-1.23396888889
-0.832929
-0.493587555556
-0.215944555556
3.10862446895e-15
0.154246111111
0.246793777778
0.277643
0.247823
0.214498
0.178005
0.122803
0.131501
0.130793
0.12025
0.128177
0.134303
0.130278
-1.914344
-1.46234611111
-1.06352444444
-0.717879
-0.425409777778
-0.186116777778
2.44249065418e-15
0.132940555556
0.212704888889
0.239293
0.230938
0.179777
0.135464
0.156484
0.141559
0.126549
0.125885
0.126407
0.136963
0.144473
-1.1703615
-0.905636875
-0.668778
-0.459784875
-0.2786575
-0.125395875
6.66133814775e-16
0.097530125
0.1671945
0.208993125
0.222926
0.207988
0.213405
0.163981
0.128344
0.133097
0.139912
0.127042
0.126492
0.138893
-0.529011
-0.41635125
-0.313488
-0.22042125
-0.137151
-0.06367725
0.0
0.05388075
0.097965
0.13225275
0.156744
0.17143875
0.176337
0.169555
0.167659
0.154321
0.142955
0.1458
0.149632
0.142902
-3.174368
-2.42486444444
-1.76353777778
-1.190388
-0.705415111111
-0.308619111111
3.99680288865e-15
0.220442222222
0.352707555556
0.396796
0.256347
0.160681
0.133245
0.144159
0.122275
0.111753
0.120228
0.126975
0.127554
0.132667
-1.7047695
-1.319166875
-0.974154
-0.669730875
-0.4058975
-0.182653875
8.881784197e-16
0.142064125
0.2435385
0.304423125
0.324718
0.208117
0.127851
0.129201
0.133585
0.111844
0.11327
0.128271
0.141069
0.143736
-3.32089333333
-2.62752
-2.00713333333
-1.45973333333
-0.98532
-0.583893333333
-0.255453333333
1.7763568394e-15
0.182466666667
0.291946666667
0.32844
0.249488
0.126026
0.134118
0.152706
0.109478
0.107416
0.124273
0.153016
0.1667
-1.240059
-0.93004425
-0.6613648
-0.43402065
-0.2480118
-0.10333825
2.22044604925e-15
0.06200295
0.0826706
0.0792845
0.15426
0.188835
0.171387
0.163387
0.149766
0.159947
0.146439
0.149342
0.148207
0.159115
-0.78605952
-0.614109
-0.45853472
-0.31933668
-0.19651488
-0.09006932
1.11022302463e-16
0.07369308
0.13100992
0.17195052
0.19651488
0.204703
0.170788
0.134119
0.145052
0.155145
0.142712
0.15559
0.159078
0.146872
0.0
0.0
0.0
0.0
0.0
0.0
0.0
0.0
0.0
0.0
0.0
0.0
0.0
0.0
0.0
0.0
0.0
0.0
0.0
0.0
-3.53657344444
-2.798168
-2.13748944444
-1.55453777778
-1.049313
-0.621815111111
-0.272044111111
1.33226762955e-15
0.194317222222
0.310907555556
0.349771
0.166117
0.141304
0.168543
0.117993
0.0918728
0.103914
0.130018
0.153715
0.153648
-2.87856255556
-2.277544
-1.73979055556
-1.26530222222
-0.854079
-0.506120888889
-0.221427888889
8.881784197e-16
0.158162777778
0.253060444444
0.284693
0.247595
0.145821
0.135988
0.129921
0.119631
0.110958
0.13768
0.153526
0.164937
-2.154192
-1.64556333333
-1.19677333333
-0.807822
-0.478709333333
-0.209435333333
2.6645352591e-15
0.149596666667
0.239354666667
0.269274
0.242269
0.23414
0.178994
0.105018
0.104508
0.131952
0.118537
0.130145
0.138575
0.135073
-1.19378175
-0.9237596875
-0.682161
-0.4689856875
-0.28423375
-0.1279051875
8.881784197e-16
0.0994818125
0.17054025
0.2131753125
0.227387
0.213185
0.197707
0.174946
0.117051
0.112596
0.129393
0.138872
0.129996
0.138484
-1.05749588
-0.85310592
-0.666489
-0.49764512
-0.34657428
-0.21327648
-0.09775172
8.881784197e-16
0.07997868
0.14218432
0.18661692
0.21327648
0.222163
0.167272
0.170928
0.133147
0.127811
0.141065
0.147246
0.157807
-3.819152
-2.91740777778
-2.12175111111
-1.432182
-0.848700444444
-0.371306444444
4.88498130835e-15
0.265218888889
0.424350222222
0.477394
0.148038
0.127016
0.142895
0.143947
0.130071
0.110618
0.112823
0.129722
0.138178
0.146931
-1.43941875
-1.151535
-0.89106875
-0.65802
-0.45238875
-0.274175
-0.12337875
1.11022302463e-15
0.09596125
0.164505
0.20563125
0.21934
0.184379
0.161881
0.148217
0.118648
0.138162
0.14559
0.136974
0.142451
-2.1156384375
-1.69251075
-1.3096809375
-0.967149
-0.6649149375
-0.40297875
-0.1813404375
1.7763568394e-15
0.1410425625
0.24178725
0.3022340625
0.322383
0.273464
0.152475
0.133574
0.143051
0.103394
0.109069
0.132758
0.165686
-1.0102148
-0.8149632
-0.63669
-0.4753952
-0.3310788
-0.2037408
-0.0933812
6.66133814775e-16
0.0764028
0.1358272
0.1782732
0.2037408
0.21223
0.185643
0.168666
0.123917
0.125892
0.142431
0.135424
0.140244
-2.1085771875
-1.68686175
-1.3053096875
-0.963921
-0.6626956875
-0.40163375
-0.1807351875
1.7763568394e-15
0.1405718125
0.24098025
0.3012253125
0.321307
0.270976
0.155651
0.109945
0.124315
0.126826
0.112532
0.137695
0.16916
-1.170246
-0.944064
-0.73755
-0.550704
-0.383526
-0.236016
-0.108174
8.881784197e-16
0.088506
0.157344
0.206514
0.236016
0.24585
0.183423
0.120535
0.119538
0.130158
0.129396
0.139277
0.160913
-1.35616425
-1.0494128125
-0.774951
-0.5327788125
-0.32289625
-0.1453033125
8.881784197e-16
0.1130136875
0.19373775
0.2421721875
0.258317
0.2471
0.203525
0.125593
0.11787
0.137466
0.123944
0.124882
0.134521
0.1372
-6.04078475
-4.707105
-3.53032875
-2.510456
-1.64748675
-0.941421
-0.39225875
8.881784197e-16
0.23535525
0.313807
0.209247
0.218767
0.158198
0.147801
0.156273
0.127094
0.114591
0.116881
0.136726
0.149145
-1.224615
-0.94761875
-0.69978
-0.48109875
-0.291575
-0.13120875
1.11022302463e-15
0.10205125
0.174945
0.21868125
0.23326
0.216072
0.21572
0.188288
0.12312
0.112201
0.130006
0.137001
0.130374
0.136601
-0.517662
-0.407419166667
-0.306762666667
-0.2156925
-0.134208666667
-0.0623111666667
0.0
0.0527248333333
0.0958633333333
0.1294155
0.153381333333
0.167760833333
0.172554
0.169864
0.169963
0.153222
0.146679
0.139012
0.14559
0.152658
-1.7047695
-1.319166875
-0.974154
-0.669730875
-0.4058975
-0.182653875
8.881784197e-16
0.142064125
0.2435385
0.304423125
0.324718
0.208117
0.127851
0.129201
0.133585
0.111844
0.11327
0.128271
0.141069
0.143736
-1.6276155
-1.259464375
-0.930066
-0.639420375
-0.3875275
-0.174387375
1.11022302463e-15
0.135634625
0.2325165
0.290645625
0.310022
0.269125
0.155004
0.131609
0.130429
0.116198
0.105198
0.122238
0.137792
0.154092
-2.3891765625
-1.91134125
-1.4790140625
-1.092195
-0.7508840625
-0.45508125
-0.2047865625
1.7763568394e-15
0.1592784375
0.27304875
0.3413109375
0.364065
0.187247
0.148722
0.141255
0.121965
0.0984576
0.109282
0.138859
0.165334
-0.671106916667
-0.544959
-0.428902916667
-0.322938666667
-0.22706625
-0.141285666667
-0.0655969166667
0.0
0.0555050833333
0.100918333333
0.13623975
0.161469333333
0.176607083333
0.181653
0.170292
0.173099
0.148196
0.152375
0.150873
0.160866
-1.4097825
-1.127826
-0.8727225
-0.644472
-0.4430745
-0.26853
-0.1208385
1.33226762955e-15
0.0939855
0.161118
0.2013975
0.214824
0.199462
0.152707
0.13888
0.16498
0.135488
0.145604
0.16059
0.151894
0.0
0.0
0.0
0.0
0.0
0.0
0.0
0.0
0.0
0.0
0.0
0.0
0.0
0.0
0.0
0.0
0.0
0.0
0.0
0.0
-4.10784111111
-3.25016
-2.48276111111
-1.80564444444
-1.21881
-0.722257777778
-0.315987777778
8.881784197e-16
0.225705555556
0.361128888889
0.40627
0.218867
0.152432
0.157215
0.10766
0.0784103
0.0966484
0.122171
0.157321
0.162977
-2.0818546875
-1.66548375
-1.2887671875
-0.951705
-0.6542971875
-0.39654375
-0.1784446875
1.7763568394e-15
0.1387903125
0.23792625
0.2974078125
0.317235
0.207043
0.148902
0.120946
0.0971162
0.0998094
0.116899
0.146997
0.156466
-1.4035021875
-1.12280175
-0.8688346875
-0.641601
-0.4411006875
-0.26733375
-0.1203001875
1.33226762955e-15
0.0935668125
0.16040025
0.2005003125
0.213867
0.208127
0.127602
0.123238
0.162237
0.151995
0.131025
0.150355
0.154117
-0.97538112
-0.78686208
-0.614736
-0.45900288
-0.31966272
-0.19671552
-0.09016128
5.55111512313e-16
0.07376832
0.13114368
0.17212608
0.19671552
0.204912
0.194402
0.132833
0.124944
0.155842
0.164653
0.141404
0.146225
-1.28130156
-1.03365504
-0.807543
-0.60296544
-0.41992236
-0.25841376
-0.11843964
8.881784197e-16
0.09690516
0.17227584
0.22611204
0.25841376
0.269181
0.186386
0.151059
0.118236
0.105652
0.124685
0.138
0.144033
-8.217748
-6.40344
-4.80258
-3.415168
-2.241204
-1.280688
-0.53362
1.7763568394e-15
0.320172
0.426896
0.153044
0.119433
0.155102
0.147551
0.112277
0.102956
0.112794
0.141533
0.166213
0.172001
-1.38130125
-1.105041
-0.85509125
-0.631452
-0.43412325
-0.263105
-0.11839725
1.11022302463e-15
0.09208675
0.157863
0.19732875
0.210484
0.186585
0.141554
0.179083
0.119276
0.139566
0.158173
0.14243
0.15688
-2.2298521875
-1.78388175
-1.3803846875
-1.019361
-0.7008106875
-0.42473375
-0.1911301875
1.7763568394e-15
0.1486568125
0.25484025
0.3185503125
0.339787
0.31502
0.179261
0.132645
0.116802
0.0862801
0.0968931
0.124612
0.14775
-1.34985375
-1.079883
-0.83562375
-0.617076
-0.42423975
-0.257115
-0.11570175
1.11022302463e-15
0.08999025
0.154269
0.19283625
0.205692
0.187321
0.178431
0.183721
0.128472
0.134102
0.153582
0.154411
0.152237
-4.82681422222
-3.92178655556
-3.102952
-2.37031055556
-1.72386222222
-1.163607
-0.689544888889
-0.301675888889
8.881784197e-16
0.215482777778
0.344772444444
0.387869
0.301345
0.177079
0.105453
0.0984684
0.104447
0.101168
0.123688
0.155085
-1.8127003125
-1.45016025
-1.1221478125
-0.828663
-0.5697058125
-0.34527625
-0.1553743125
1.33226762955e-15
0.1208466875
0.20716575
0.2589571875
0.276221
0.255906
0.175996
0.119798
0.111664
0.114466
0.114802
0.134529
0.157054
-1.5100378125
-1.20803025
-0.9347853125
-0.690303
-0.4745833125
-0.28762625
-0.1294318125
8.881784197e-16
0.1006691875
0.17257575
0.2157196875
0.230101
0.21277
0.148952
0.109021
0.153826
0.150419
0.126626
0.141412
0.155573
-5.0055005
-3.90039
-2.9252925
-2.080208
-1.3651365
-0.780078
-0.3250325
1.7763568394e-15
0.1950195
0.260026
0.213379
0.252837
0.196784
0.139327
0.156832
0.113029
0.105466
0.117341
0.13873
0.167329
-0.99477336
-0.80250624
-0.626958
-0.46812864
-0.32601816
-0.20062656
-0.09195384
7.77156117238e-16
0.07523496
0.13375104
0.17554824
0.20062656
0.208986
0.188265
0.132078
0.126048
0.144045
0.144822
0.139529
0.158691
-1.601418
-1.267056
-0.96789
-0.70392
-0.475146
-0.281568
-0.123186
6.66133814775e-16
0.08799
0.140784
0.158382
0.153042
0.149985
0.151876
0.16014
0.159654
0.151954
0.141022
0.163513
0.171362
-3.32089333333
-2.62752
-2.00713333333
-1.45973333333
-0.98532
-0.583893333333
-0.255453333333
1.7763568394e-15
0.182466666667
0.291946666667
0.32844
0.249488
0.126026
0.134118
0.152706
0.109478
0.107416
0.124273
0.153016
0.1667
-2.3891765625
-1.91134125
-1.4790140625
-1.092195
-0.7508840625
-0.45508125
-0.2047865625
1.7763568394e-15
0.1592784375
0.27304875
0.3413109375
0.364065
0.187247
0.148722
0.141255
0.121965
0.0984576
0.109282
0.138859
0.165334
-2.560621875
-2.0484975
-1.585146875
-1.17057
-0.804766875
-0.4877375
-0.219481875
2.6645352591e-15
0.170708125
0.2926425
0.365803125
0.39019
0.252402
0.17006
0.126728
0.0972045
0.0789346
0.0984465
0.128689
0.155945
-0.514748571429
-0.407509285714
-0.308849142857
-0.218768142857
-0.137266285714
-0.0643435714286
2.22044604925e-16
0.0557644285714
0.102949714286
0.141555857143
0.171582857143
0.193030714286
0.205899428571
0.210189
0.17929
0.151542
0.135624
0.131959
0.136215
0.146571
-1.09391464
-0.88248576
-0.689442
-0.51478336
-0.35850984
-0.22062144
-0.10111816
6.66133814775e-16
0.08273304
0.14708096
0.19304376
0.22062144
0.229814
0.170179
0.124818
0.150569
0.126958
0.136606
0.147705
0.147774
0.0
0.0
0.0
0.0
0.0
0.0
0.0
0.0
0.0
0.0
0.0
0.0
0.0
0.0
0.0
0.0
0.0
0.0
0.0
0.0
-0.574665
-0.452282638889
-0.340542222222
-0.23944375
-0.148987222222
-0.0691726388889
0.0
0.0585306944444
0.106419444444
0.14366625
0.170271111111
0.186234027778
0.191555
0.162052
0.155957
0.149374
0.145356
0.157326
0.152172
0.149517
-2.397885
-1.79841375
-1.278872
-0.83925975
-0.479577
-0.19982375
3.10862446895e-15
0.11989425
0.159859
0.150361
0.138369
0.184257
0.197791
0.178386
0.14587
0.132127
0.131283
0.148355
0.143027
0.138991
-0.71773824
-0.560733
-0.41868064
-0.29158116
-0.17943456
-0.08224084
0.0
0.06728796
0.11962304
0.15700524
0.17943456
0.186911
0.178237
0.144784
0.140449
0.151719
0.166498
0.184334
0.162003
0.158772
-0.73975296
-0.577932
-0.43152256
-0.30052464
-0.18493824
-0.08476336
2.22044604925e-16
0.06935184
0.12329216
0.16182096
0.18493824
0.192644
0.176658
0.155862
0.130156
0.127522
0.140374
0.16797
0.173243
0.173292
-0.687828
-0.541346111111
-0.407601777778
-0.286595
-0.178325777778
-0.0827941111111
0.0
0.0700565555556
0.127375555556
0.171957
0.203800888889
0.222907222222
0.229276
0.205986
0.170389
0.140227
0.124485
0.117512
0.126811
0.14068
-0.711376111111
-0.517364444444
-0.349221
-0.206945777778
-0.0905387777778
3.5527136788e-15
0.0646705555556
0.103472888889
0.116407
0.1122
0.137033
0.1558
0.147413
0.154243
0.174061
0.128506
0.139325
0.160072
0.160672
0.151582
-1.318064
-1.00685444444
-0.732257777778
-0.494274
-0.292903111111
-0.128145111111
1.55431223448e-15
0.0915322222222
0.146451555556
0.164758
0.145673
0.193105
0.156754
0.151183
0.143168
0.137883
0.139033
0.147238
0.140933
0.1604
-0.755835305556
-0.613761
-0.483052638889
-0.363710222222
-0.25573375
-0.159123222222
-0.0738786388889
0.0
0.0625126944444
0.113659444444
0.15344025
0.181855111111
0.198904027778
0.204587
0.185438
0.158698
0.128271
0.129097
0.131375
0.140836
-4.137285
-3.10296375
-2.206552
-1.44804975
-0.827457
-0.34477375
5.3290705182e-15
0.20686425
0.275819
0.186397
0.129029
0.12995
0.131165
0.118861
0.119243
0.118608
0.147445
0.163086
0.16078
0.17357
-0.600261
-0.472427638889
-0.355710222222
-0.25010875
-0.155623222222
-0.0722536388889
0.0
0.0611376944444
0.111159444444
0.15006525
0.177855111111
0.194529027778
0.200087
0.184659
0.183566
0.15212
0.12665
0.126533
0.136475
0.143148
-1.379144
-1.05351277778
-0.766191111111
-0.517179
-0.306476444444
-0.134083444444
1.7763568394e-15
0.0957738888889
0.153238222222
0.172393
0.15535
0.191424
0.218699
0.194535
0.156132
0.134286
0.117769
0.131733
0.143327
0.137359
-1.758165
-1.31862375
-0.937688
-0.61535775
-0.351633
-0.14651375
2.88657986403e-15
0.08790825
0.117211
0.0874048
0.116799
0.16115
0.170165
0.147323
0.15601
0.15421
0.150528
0.168414
0.154055
0.154335
-1.911952
-1.46051888889
-1.06219555556
-0.716982
-0.424878222222
-0.185884222222
2.44249065418e-15
0.132774444444
0.212439111111
0.238994
0.17324
0.169336
0.175044
0.1607
0.14138
0.132093
0.12078
0.123747
0.13948
0.140702
-2.51925
-1.8894375
-1.3436
-0.8817375
-0.50385
-0.2099375
3.5527136788e-15
0.1259625
0.16795
0.145321
0.138807
0.148205
0.173629
0.14313
0.144387
0.134816
0.139203
0.142481
0.157618
0.168655
-3.53475
-2.6510625
-1.8852
-1.2371625
-0.70695
-0.2945625
5.3290705182e-15
0.1767375
0.23565
0.195741
0.165872
0.156964
0.143707
0.136455
0.116615
0.109774
0.124778
0.144469
0.153403
0.17299
-1.240059
-0.93004425
-0.6613648
-0.43402065
-0.2480118
-0.10333825
2.22044604925e-15
0.06200295
0.0826706
0.0792845
0.15426
0.188835
0.171387
0.163387
0.149766
0.159947
0.146439
0.149342
0.148207
0.159115
-0.671106916667
-0.544959
-0.428902916667
-0.322938666667
-0.22706625
-0.141285666667
-0.0655969166667
0.0
0.0555050833333
0.100918333333
0.13623975
0.161469333333
0.176607083333
0.181653
0.170292
0.173099
0.148196
0.152375
0.150873
0.160866
-0.514748571429
-0.407509285714
-0.308849142857
-0.218768142857
-0.137266285714
-0.0643435714286
2.22044604925e-16
0.0557644285714
0.102949714286
0.141555857143
0.171582857143
0.193030714286
0.205899428571
0.210189
0.17929
0.151542
0.135624
0.131959
0.136215
0.146571
-1.20329475
-0.9311209375
-0.687597
-0.4727229375
-0.28649875
-0.1289244375
4.4408920985e-16
0.1002745625
0.17189925
0.2148740625
0.229199
0.200424
0.23082
0.19023
0.167969
0.172004
0.132682
0.135545
0.121317
0.135033
-0.931707
-0.72096375
-0.532404
-0.36602775
-0.221835
-0.09982575
4.4408920985e-16
0.07764225
0.133101
0.16637625
0.177468
0.17588
0.210798
0.20553
0.172913
0.151901
0.129076
0.131437
0.139181
0.137649
0.0
0.0
0.0
0.0
0.0
0.0
0.0
0.0
0.0
0.0
0.0
0.0
0.0
0.0
0.0
0.0
0.0
0.0
0.0
0.0
-0.7712064
-0.602505
-0.4498704
-0.3133026
-0.1928016
-0.0883674
1.11022302463e-16
0.0723006
0.1285344
0.1687014
0.1928016
0.200835
0.141857
0.113568
0.167622
0.119433
0.157667
0.15864
0.153708
0.149903
-0.7264512
-0.56754
-0.4237632
-0.2951208
-0.1816128
-0.0832392
2.22044604925e-16
0.0681048
0.1210752
0.1589112
0.1816128
0.18918
0.187398
0.171674
0.145279
0.145192
0.135375
0.137248
0.152432
0.152956
-1.552385625
-1.2419085
-0.961000625
-0.709662
-0.487892625
-0.2956925
-0.133061625
1.33226762955e-15
0.103492375
0.1774155
0.221769375
0.236554
0.207751
0.143587
0.132199
0.132326
0.133189
0.169472
0.159736
0.156773
-0.87241344
-0.681573
-0.50890784
-0.35441796
-0.21810336
-0.09996404
2.22044604925e-16
0.08178876
0.14540224
0.19084044
0.21810336
0.227191
0.182536
0.133411
0.114618
0.122142
0.14335
0.149105
0.167386
0.171031
-1.12494032
-0.90751488
-0.708996
-0.52938368
-0.36867792
-0.22687872
-0.10398608
6.66133814775e-16
0.08507952
0.15125248
0.19851888
0.22687872
0.236332
0.187769
0.150594
0.131054
0.119269
0.119403
0.130505
0.151778
-0.59148
-0.4416384
-0.3075696
-0.1892736
-0.0867504
5.55111512313e-16
0.0709776
0.1261824
0.1656144
0.1892736
0.19716
0.159444
0.119568
0.164364
0.15912
0.130693
0.144582
0.153916
0.151732
0.13753
-0.79008384
-0.617253
-0.46088224
-0.32097156
-0.19752096
-0.09053044
1.11022302463e-16
0.07407036
0.13168064
0.17283084
0.19752096
0.205751
0.192182
0.158001
0.134621
0.128303
0.117848
0.130909
0.14861
0.161909
-1.09076352
-0.87994368
-0.687456
-0.51330048
-0.35747712
-0.21998592
-0.10082688
8.881784197e-16
0.08249472
0.14665728
0.19248768
0.21998592
0.229152
0.196991
0.139633
0.135145
0.135586
0.129588
0.143881
0.146566
-3.60375
-2.7028125
-1.922
-1.2613125
-0.72075
-0.3003125
4.88498130835e-15
0.1801875
0.24025
0.23791
0.190561
0.165365
0.131134
0.116568
0.100177
0.117296
0.141658
0.140429
0.16158
0.169714
-1.54347375
-1.234779
-0.95548375
-0.705588
-0.48509175
-0.293995
-0.13229775
1.7763568394e-15
0.10289825
0.176397
0.22049625
0.235196
0.217622
0.186671
0.135376
0.115604
0.115978
0.137004
0.145259
0.15435
-3.72196825
-2.900235
-2.17517625
-1.546792
-1.01508225
-0.580047
-0.24168625
1.33226762955e-15
0.14501175
0.193349
0.18594
0.212652
0.200018
0.167106
0.127044
0.116838
0.122007
0.141778
0.152995
0.149458
-0.77415168
-0.604806
-0.45158848
-0.31449912
-0.19353792
-0.08870488
2.22044604925e-16
0.07257672
0.12902528
0.16934568
0.19353792
0.201602
0.174584
0.150259
0.136127
0.130793
0.131557
0.165952
0.162845
0.159954
-1.864384
-1.42418222222
-1.03576888889
-0.699144
-0.414307555556
-0.181259555556
2.44249065418e-15
0.129471111111
0.207153777778
0.233048
0.196687
0.179127
0.167788
0.163103
0.133052
0.117404
0.132185
0.130336
0.144643
0.144722
-0.69482112
-0.542829
-0.40531232
-0.28227108
-0.17370528
-0.07961492
0.0
0.06513948
0.11580352
0.15199212
0.17370528
0.180943
0.160689
0.132058
0.1241
0.12624
0.139531
0.157361
0.167305
0.164386
-1.661848
-1.26946722222
-0.923248888889
-0.623193
-0.369299555556
-0.161568555556
1.99840144433e-15
0.115406111111
0.184649777778
0.207731
0.196232
0.179711
0.143275
0.122762
0.118825
0.116055
0.139531
0.145642
0.158261
0.161587
-0.78605952
-0.614109
-0.45853472
-0.31933668
-0.19651488
-0.09006932
1.11022302463e-16
0.07369308
0.13100992
0.17195052
0.19651488
0.204703
0.170788
0.134119
0.145052
0.155145
0.142712
0.15559
0.159078
0.146872
-1.4097825
-1.127826
-0.8727225
-0.644472
-0.4430745
-0.26853
-0.1208385
1.33226762955e-15
0.0939855
0.161118
0.2013975
0.214824
0.199462
0.152707
0.13888
0.16498
0.135488
0.145604
0.16059
0.151894
-1.09391464
-0.88248576
-0.689442
-0.51478336
-0.35850984
-0.22062144
-0.10111816
6.66133814775e-16
0.08273304
0.14708096
0.19304376
0.22062144
0.229814
0.170179
0.124818
0.150569
0.126958
0.136606
0.147705
0.147774
-0.931707
-0.72096375
-0.532404
-0.36602775
-0.221835
-0.09982575
4.4408920985e-16
0.07764225
0.133101
0.16637625
0.177468
0.17588
0.210798
0.20553
0.172913
0.151901
0.129076
0.131437
0.139181
0.137649
-1.17491325
-0.9091590625
-0.671379
-0.4615730625
-0.27974125
-0.1258835625
6.66133814775e-16
0.0979094375
0.16784475
0.2098059375
0.223793
0.20789
0.181385
0.160828
0.148491
0.141614
0.14788
0.133873
0.1335
0.148059
0.0
0.0
0.0
0.0
0.0
0.0
0.0
0.0
0.0
0.0
0.0
0.0
0.0
0.0
0.0
0.0
0.0
0.0
0.0
0.0
0.0
0.0
0.0
0.0
0.0
0.0
0.0
0.0
0.0
0.0
0.0
0.0
0.0
0.0
0.0
0.0
0.0
0.0
0.0
0.0
0.0
0.0
0.0
0.0
0.0
0.0
0.0
0.0
0.0
0.0
0.0
0.0
0.0
0.0
0.0
0.0
0.0
0.0
0.0
0.0
0.0
0.0
0.0
0.0
0.0
0.0
0.0
0.0
0.0
0.0
0.0
0.0
0.0
0.0
0.0
0.0
0.0
0.0
0.0
0.0
0.0
0.0
0.0
0.0
0.0
0.0
0.0
0.0
0.0
0.0
0.0
0.0
0.0
0.0
0.0
0.0
0.0
0.0
0.0
0.0
0.0
0.0
0.0
0.0
0.0
0.0
0.0
0.0
0.0
0.0
0.0
0.0
0.0
0.0
0.0
0.0
0.0
0.0
0.0
0.0
0.0
0.0
0.0
0.0
0.0
0.0
0.0
0.0
0.0
0.0
0.0
0.0
0.0
0.0
0.0
0.0
0.0
0.0
0.0
0.0
0.0
0.0
0.0
0.0
0.0
0.0
0.0
0.0
0.0
0.0
0.0
0.0
0.0
0.0
0.0
0.0
0.0
0.0
0.0
0.0
0.0
0.0
0.0
0.0
0.0
0.0
0.0
0.0
0.0
0.0
0.0
0.0
0.0
0.0
0.0
0.0
0.0
0.0
0.0
0.0
0.0
0.0
0.0
0.0
0.0
0.0
0.0
0.0
0.0
0.0
0.0
0.0
0.0
0.0
0.0
0.0
0.0
0.0
0.0
0.0
0.0
0.0
0.0
0.0
0.0
0.0
0.0
0.0
0.0
0.0
0.0
0.0
0.0
0.0
0.0
0.0
0.0
0.0
0.0
0.0
0.0
0.0
0.0
0.0
0.0
0.0
0.0
0.0
0.0
0.0
0.0
0.0
0.0
0.0
0.0
0.0
0.0
0.0
0.0
0.0
0.0
0.0
0.0
0.0
0.0
0.0
0.0
0.0
0.0
0.0
0.0
0.0
0.0
0.0
0.0
0.0
0.0
0.0
0.0
0.0
0.0
0.0
0.0
0.0
0.0
0.0
0.0
0.0
0.0
0.0
0.0
0.0
0.0
0.0
0.0
0.0
0.0
0.0
0.0
0.0
0.0
0.0
0.0
0.0
0.0
0.0
0.0
0.0
0.0
0.0
0.0
0.0
0.0
0.0
0.0
0.0
0.0
0.0
0.0
0.0
0.0
0.0
0.0
0.0
0.0
0.0
0.0
0.0
0.0
0.0
0.0
0.0
0.0
0.0
0.0
0.0
0.0
0.0
0.0
0.0
0.0
0.0
0.0
0.0
0.0
0.0
0.0
0.0
0.0
0.0
0.0
0.0
0.0
0.0
0.0
0.0
0.0
0.0
0.0
0.0
0.0
0.0
0.0
0.0
0.0
0.0
0.0
0.0
0.0
0.0
0.0
0.0
0.0
0.0
0.0
0.0
0.0
0.0
0.0
0.0
0.0
0.0
0.0
0.0
0.0
0.0
0.0
0.0
0.0
0.0
0.0
0.0
0.0
0.0
0.0
0.0
0.0
0.0
0.0
0.0
0.0
0.0
0.0
0.0
0.0
0.0
0.0
0.0
0.0
0.0
0.0
0.0
0.0
0.0
0.0
0.0
0.0
0.0
0.0
0.0
0.0
0.0
0.0
0.0
0.0
0.0
0.0
0.0
0.0
0.0
0.0
0.0
0.0
0.0
0.0
0.0
0.0
0.0
0.0
0.0
0.0
0.0
0.0
0.0
0.0
0.0
0.0
0.0
0.0
0.0
0.0
0.0
0.0
0.0
0.0
0.0
0.0
0.0
0.0
0.0
